	value	height
0	297.82062175740515	435
1	297.8659008566568	440
2	297.7788301727946	445
3	297.7409090909091	450
4	297.6421812623565	455
5	297.54846994336737	460
6	297.4170900801504	465
7	297.3647499593703	470
8	297.24042661848966	475
9	297.1191061859477	480
10	297.0577573401514	485
11	297.001508457388	490
12	297.00524205168824	495
13	296.83181818181816	500
14	296.73906041638753	505
15	296.71128159831574	510
16	296.62024541374245	515
17	296.5856847679111	520
18	296.5085552057939	525
19	296.4695962246334	530
20	296.38894807835646	535
21	296.3242330609029	540
22	296.26364338950395	545
23	296.19545454545454	550
24	296.209411027172	555
25	296.1545751793704	560
26	296.1070365205853	565
27	296.09316294017975	570
28	296.05358533598127	575
29	295.9978501763927	580
30	295.98784320155136	585
31	295.8778926777581	590
32	295.8610828897208	595
33	295.83181818181816	600
34	295.7662732781575	605
35	295.73958685820065	610
36	295.7078817517568	615
37	295.66114190528504	620
38	295.65133732146495	625
39	295.56642137005923	630
40	295.477379262708	635
41	295.4729859886551	640
42	295.38735280321737	645
43	295.31666666666666	650
44	295.29757549136616	655
45	295.228924228521	660
46	295.2207132324858	665
47	295.2228080235161	670
48	295.1155349369936	675
49	295.1009542208048	680
50	295.0562294765913	685
51	294.98601968507546	690
52	294.98583095108245	695
53	294.9227272727273	700
54	294.888376549157	705
55	294.8172476736811	710
56	294.7640592472663	715
57	294.7447938490405	720
58	294.6683482965333	725
59	294.62897567367565	730
60	294.62711269862234	735
61	294.4919001567796	740
62	294.44850204279527	745
63	294.4681818181818	750
64	294.31283474161114	755
65	294.3611656359341	760
66	294.2508594342671	765
67	294.231860542599	770
68	294.20650707370066	775
69	294.0861808508164	780
70	293.99005476656066	785
71	293.9727720077285	790
72	294.027856909482	795
73	293.99848484848485	800
74	294.0172337576004	805
75	294.045965086907	810
76	294.04328185987504	815
77	294.0441523887658	820
78	294.0437519774226	825
79	294.0445180464803	830
80	294.03669216447133	835
81	294.00073420335076	840
82	294.0138287353925	845
83	293.9681818181818	850
84	293.9198983694817	855
85	293.9073024438489	860
86	293.90560264103124	865
87	293.8793793389764	870
88	293.8566113280477	875
89	293.8177125931684	880
90	293.8004723720566	885
91	293.78099490809865	890
92	293.7165796576649	895
93	293.68030303030304	900
94	293.7099488114325	905
95	293.6791004132235	910
96	293.6996953409927	915
97	293.685099709463	920
98	293.6498166030095	925
99	293.6156749594248	930
100	293.587260999895	935
101	293.52220668104025	940
102	293.51353921064106	945
103	293.4833333333333	950
104	293.4359598240689	955
105	293.4387194002174	960
106	293.43761594331585	965
107	293.4379153035662	970
108	293.4380296747701	975
109	293.43720492596225	980
110	293.44032164624826	985
111	293.4147632912915	990
112	293.3909451239927	995
113	293.4075757575757	1000
114	293.3099905223028	1005
115	293.3066619049975	1010
116	293.3066613858659	1015
117	293.26033629471544	1020
118	293.25322868268717	1025
119	293.21004999203814	1030
120	293.20351389432545	1035
121	293.2049355348601	1040
122	293.1263965804773	1045
123	293.0742424242424	1050
124	293.0106679076613	1055
125	293.01602507542054	1060
126	293.0062066305284	1065
127	293.01435315792304	1070
128	293.0488659618594	1075
129	293.0428976252434	1080
130	293.0438663621738	1085
131	293.0448404393388	1090
132	293.0307543646394	1095
133	293.01363636363635	1100
134	293.0129272209048	1105
135	292.99496987291764	1110
136	292.9796979961632	1115
137	292.9572018152466	1120
138	292.9229129622907	1125
139	292.8841956502189	1130
140	292.81478787695306	1135
141	292.7931960831229	1140
142	292.7164248801631	1145
143	292.69545454545454	1150
144	292.64527305759833	1155
145	292.61832329254156	1160
146	292.6192444066925	1165
147	292.62614504371936	1170
148	292.6826456598648	1175
149	292.71802029507217	1180
150	292.6938897840044	1185
151	292.732969327332	1190
152	292.7417788380226	1195
153	292.7409090909091	1200
154	292.72219344578605	1205
155	292.6972081700111	1210
156	292.7029945468596	1215
157	292.64528631825135	1220
158	292.59933526027964	1225
159	292.5956306332366	1230
160	292.5346073542664	1235
161	292.50202671491616	1240
162	292.45566959075313	1245
163	292.4833333333333	1250
164	292.52784134953225	1255
165	292.49943245597666	1260
166	292.5371105378998	1265
167	292.5444027686092	1270
168	292.5437772136436	1275
169	292.5441610688393	1280
170	292.54842506906454	1285
171	292.61122716067126	1290
172	292.6077370546192	1295
173	292.6045454545455	1300
174	292.70621087196844	1305
175	292.7716852131253	1310
176	292.7634930306974	1315
177	292.86055371778457	1320
178	293.00466813857713	1325
179	293.0369644285019	1330
180	293.1386158718288	1335
181	293.2130003604369	1340
182	293.1961692223854	1345
183	293.19545454545454	1350
184	293.16002950177096	1355
185	293.11747220263493	1360
186	293.11463676334387	1365
187	293.1134731443457	1370
188	293.0919279598555	1375
189	293.05133830473943	1380
190	293.08348991580124	1385
191	293.18379155947105	1390
192	293.18228991188784	1395
193	293.21060606060604	1400
194	293.29285409394026	1405
195	293.3367434897932	1410
196	293.3477633394755	1415
197	293.346749841897	1420
198	293.34702303126056	1425
199	293.3469642679975	1430
200	293.34694662829867	1435
201	293.34704895215657	1440
202	293.34678809351965	1445
203	293.34696969696967	1450
204	293.33036982236416	1455
205	293.3116867291762	1460
206	293.27707912879845	1465
207	293.2432389660393	1470
208	293.21598851696734	1475
209	293.20566190192704	1480
210	293.1552623582847	1485
211	293.093845892506	1490
212	293.09026350290094	1495
213	293.02878787878785	1500
214	292.90265278402666	1505
215	292.9048198498242	1510
216	292.8416357011689	1515
217	292.7880362288403	1520
218	292.7500907519032	1525
219	292.7021501320903	1530
220	292.699323967177	1535
221	292.6486902224882	1540
222	292.59222777379745	1545
223	292.5590909090909	1550
224	292.49656744270857	1555
225	292.4914682319173	1560
226	292.42009618707124	1565
227	292.3817641268944	1570
228	292.3367514232504	1575
229	292.3114584673567	1580
230	292.25337625483803	1585
231	292.2727346731326	1590
232	292.3289907139462	1595
233	292.34696969696967	1600
234	292.36452899181705	1605
235	292.39918009302477	1610
236	292.4287559942284	1615
237	292.44106902231016	1620
238	292.42216909589996	1625
239	292.3465008378204	1630
240	292.355891588183	1635
241	292.309341380353	1640
242	292.19863490197554	1645
243	292.2257575757576	1650
244	292.18894025390273	1655
245	292.12857203512755	1660
246	292.11639711045626	1665
247	292.0971496439428	1670
248	292.086499720395	1675
249	292.03689371892665	1680
250	292.00069630435684	1685
251	291.9772101881443	1690
252	291.925283684398	1695
253	291.9227272727273	1700
254	291.9264607619737	1705
255	291.9676853838778	1710
256	291.93014520421866	1715
257	291.9175323393753	1720
258	291.89797309209393	1725
259	291.837332349923	1730
260	291.889933666718	1735
261	291.879362514557	1740
262	291.9242364120836	1745
263	291.83181818181816	1750
264	291.89268295715283	1755
265	291.798541533274	1760
266	291.74926694102004	1765
267	291.73532328588544	1770
268	291.71871797791187	1775
269	291.6955028845057	1780
270	291.64638858566906	1785
271	291.6221657835464	1790
272	291.59392044301154	1795
273	291.5439393939394	1800
274	291.54472189544305	1805
275	291.54158153796374	1810
276	291.5247223622423	1815
277	291.50306070791225	1820
278	291.4670143499333	1825
279	291.4382343143328	1830
280	291.37918278377674	1835
281	291.33714528199147	1840
282	291.29243275111094	1845
283	291.2257575757576	1850
284	291.1896576926468	1855
285	291.1596698522084	1860
286	291.26255199065696	1865
287	291.25536939801833	1870
288	291.265477650919	1875
289	291.3243681560149	1880
290	291.34406607951786	1885
291	291.33844653813503	1890
292	291.2900576464896	1895
293	291.2712121212121	1900
294	291.2530294195128	1905
295	291.1979942304077	1910
296	291.1383365182389	1915
297	291.1079186212282	1920
298	291.07578669517585	1925
299	291.03077049956084	1930
300	290.99959632032926	1935
301	290.99185273480236	1940
302	290.9136647687425	1945
303	290.8772727272727	1950
304	290.81288472604604	1955
305	290.77239376574136	1960
306	290.7042683182523	1965
307	290.70524342153004	1970
308	290.6527894967449	1975
309	290.63667071391654	1980
310	290.6022616034449	1985
311	290.58736405281553	1990
312	290.57862385483054	1995
313	290.51363636363635	2000
314	290.4979815761007	2005
315	290.4766216019462	2010
316	290.42031360309426	2015
317	290.3947192056104	2020
318	290.40726130947183	2025
319	290.35824538681686	2030
320	290.29429476585204	2035
321	290.2951626428057	2040
322	290.3078084696771	2045
323	290.19545454545454	2050
324	290.2125911678785	2055
325	290.18616485395233	2060
326	290.14263595921693	2065
327	290.1299449342564	2070
328	290.1101846533472	2075
329	290.1057502415207	2080
330	290.0864907002206	2085
331	290.0375626760979	2090
332	290.00007271539783	2095
333	289.9833333333333	2100
334	289.91700926604267	2105
335	289.8687020883582	2110
336	289.81798093581665	2115
337	289.76840227321827	2120
338	289.71740302706013	2125
339	289.67452370411627	2130
340	289.65038830217793	2135
341	289.5678847235918	2140
342	289.574842911958	2145
343	289.49848484848485	2150
344	289.41742006816605	2155
345	289.3932121639141	2160
346	289.3786643905651	2165
347	289.31287943946614	2170
348	289.3013350688766	2175
349	289.23066910838685	2180
350	289.1794155936552	2185
351	289.17061311404956	2190
352	289.1257245178011	2195
353	289.0590909090909	2200
354	289.06340378819175	2205
355	289.1060654083584	2210
356	289.1163410969658	2215
357	289.1100248305048	2220
358	289.04620840074796	2225
359	289.0252393695845	2230
360	289.01380514976705	2235
361	288.9914346017721	2240
362	288.9433133369899	2245
363	288.8924242424242	2250
364	288.88677675727354	2255
365	288.84056401884203	2260
366	288.90685189338484	2265
367	288.923745956081	2270
368	288.93816438080233	2275
369	288.88729012365206	2280
370	288.86663798953896	2285
371	288.7959747515139	2290
372	288.7591993196726	2295
373	288.71060606060604	2300
374	288.64217368377734	2305
375	288.56564072609854	2310
376	288.563275543146	2315
377	288.5344734727357	2320
378	288.44881805887394	2325
379	288.3991978344596	2330
380	288.396108377525	2335
381	288.3462193272587	2340
382	288.2879245519844	2345
383	288.2712121212121	2350
384	288.1773758827297	2355
385	288.16733492531756	2360
386	288.07912807498406	2365
387	288.0522979665975	2370
388	288.00510216147444	2375
389	287.96387171545564	2380
390	287.9139485600597	2385
391	287.88469430123223	2390
392	287.836755607289	2395
393	287.7863636363636	2400
394	287.73226441717526	2405
395	287.6432011867604	2410
396	287.61772960838357	2415
397	287.5351277177828	2420
398	287.4996226001939	2425
399	287.4570361159678	2430
400	287.4112692343695	2435
401	287.42049420334035	2440
402	287.40957729949486	2445
403	287.3924242424242	2450
404	287.378505514417	2455
405	287.3615449066777	2460
406	287.28236440488985	2465
407	287.2163133114939	2470
408	287.14123137685425	2475
409	287.13708898903724	2480
410	287.0708556188101	2485
411	287.0203803193407	2490
412	287.0012076823539	2495
413	286.9681818181818	2500
414	287.05437218103566	2505
415	287.09486484825317	2510
416	287.0554970812172	2515
417	287.0974452987378	2520
418	287.0410368646865	2525
419	287.0026937727053	2530
420	286.9540671761365	2535
421	286.8846230077325	2540
422	286.8790184650849	2545
423	286.8015151515152	2550
424	286.70634936880833	2555
425	286.69103681865164	2560
426	286.627562745241	2565
427	286.5915511773669	2570
428	286.59678024148786	2575
429	286.5429460522854	2580
430	286.52648788074515	2585
431	286.5292083626925	2590
432	286.5286867721962	2595
433	286.52878787878785	2600
434	286.5297805462146	2605
435	286.52032332974574	2610
436	286.45225920623227	2615
437	286.44356206360607	2620
438	286.39526427331265	2625
439	286.32274467622426	2630
440	286.29750083277065	2635
441	286.25147358948385	2640
442	286.1972813079743	2645
443	286.2106060606061	2650
444	286.1898469817201	2655
445	286.130057699965	2660
446	286.1362399077124	2665
447	286.0944069494294	2670
448	286.05377388901917	2675
449	286.0560521433536	2680
450	286.00371251356376	2685
451	285.93347813258237	2690
452	285.8927004764291	2695
453	285.9075757575757	2700
454	285.87217503389246	2705
455	285.82749656156693	2710
456	285.80786931037875	2715
457	285.7826037248671	2720
458	285.74031865072334	2725
459	285.7017084762955	2730
460	285.65502425224224	2735
461	285.5971369769351	2740
462	285.54930096066386	2745
463	285.4984848484848	2750
464	285.47542375783195	2755
465	285.3918108643807	2760
466	285.28954756011416	2765
467	285.5747470789813	2770
468	285.8481149658426	2775
469	285.9545971234812	2780
470	285.7184083754706	2785
471	285.9871841204165	2790
472	285.5932308857426	2795
473	285.2409090909091	2800
474	285.2433965635391	2805
475	285.23216626039493	2810
476	285.19468512418314	2815
477	285.2151668024203	2820
478	285.19871429497533	2825
479	285.1521549246947	2830
480	285.1135481005297	2835
481	285.07791817319435	2840
482	285.0637896114155	2845
483	284.9833333333333	2850
484	284.98316871970644	2855
485	284.94119813667146	2860
486	284.878743457779	2865
487	284.8207158478154	2870
488	284.77773134174424	2875
489	284.74459544950514	2880
490	284.70682502834865	2885
491	284.6445589653052	2890
492	284.62161458944377	2895
493	284.589393939394	2900
494	284.60441730512423	2905
495	284.56367410887907	2910
496	284.52498022972065	2915
497	284.5709908485029	2920
498	284.60273495624966	2925
499	284.5855051811472	2930
500	284.59481623635554	2935
501	284.5430119723502	2940
502	284.48463200025776	2945
503	284.49848484848485	2950
504	284.4795647098328	2955
505	284.4283820961477	2960
506	284.3797013459678	2965
507	284.364512164816	2970
508	284.3346817502509	2975
509	284.2804830312153	2980
510	284.24398967256553	2985
511	284.1715724623111	2990
512	284.17936993044464	2995
513	284.1348484848485	3000
514	284.03931500618904	3005
515	284.02460518968525	3010
516	283.9923752527905	3015
517	283.93475172094406	3020
518	283.8965788336403	3025
519	283.88624474030445	3030
520	283.82911997806974	3035
521	283.7881782147414	3040
522	283.80127638103676	3045
523	283.7712121212121	3050
524	283.7372255710965	3055
525	283.68565449568865	3060
526	283.6712938582708	3065
527	283.65850739209566	3070
528	283.6166337980706	3075
529	283.60037083879354	3080
530	283.5999645895866	3085
531	283.5845452901423	3090
532	283.530642919144	3095
533	283.52878787878785	3100
534	283.48330831042557	3105
535	283.4891611457054	3110
536	283.4421608108414	3115
537	283.4954752849932	3120
538	283.5005210667534	3125
539	283.4863479714646	3130
540	283.49771301615704	3135
541	283.462646578894	3140
542	283.4380056723441	3145
543	283.4378787878788	3150
544	283.43794503322675	3155
545	283.43742016610304	3160
546	283.47329579923706	3165
547	283.5071066444991	3170
548	283.53298960776976	3175
549	283.51963010076605	3180
550	283.4615622962452	3185
551	283.4016151027796	3190
552	283.39261044648725	3195
553	283.36212121212117	3200
554	283.3274757121319	3205
555	283.28196622626496	3210
556	283.2929473548843	3215
557	283.25337831721725	3220
558	283.1734290290943	3225
559	283.14935443358524	3230
560	283.10499465140987	3235
561	283.0405344824302	3240
562	282.98704959379785	3245
563	282.9530303030303	3250
564	282.938081441017	3255
565	282.9321250473023	3260
566	282.87803211512977	3265
567	282.86725844906414	3270
568	282.82017635993003	3275
569	282.74143175810656	3280
570	282.68143350889744	3285
571	282.6432467551038	3290
572	282.5662896569477	3295
573	282.51363636363635	3300
574	282.48309906224074	3305
575	282.4753626436646	3310
576	282.40690161012765	3315
577	282.3968271178227	3320
578	282.3575311043108	3325
579	282.2931069521142	3330
580	282.2692047546509	3335
581	282.2063953983657	3340
582	282.16751171498385	3345
583	282.1348484848485	3350
584	282.0833679476013	3355
585	282.02038195610527	3360
586	281.99006537868837	3365
587	281.9164636452843	3370
588	281.88667207465056	3375
589	281.8422577538161	3380
590	281.7731151801049	3385
591	281.7626484934904	3390
592	281.70193448894946	3395
593	281.66515151515154	3400
594	281.71232558508893	3405
595	281.69123760241206	3410
596	281.708007235655	3415
597	281.78859462530573	3420
598	281.8039662441442	3425
599	281.79426408064097	3430
600	281.79026978701427	3435
601	281.79907465992426	3440
602	281.77757268312604	3445
603	281.69545454545454	3450
604	281.6818462556783	3455
605	281.66829483484406	3460
606	281.5931673053085	3465
607	281.58528913025276	3470
608	281.5159575371928	3475
609	281.48587592961474	3480
610	281.42867204053704	3485
611	281.4056559837695	3490
612	281.3825605221579	3495
613	281.31666666666666	3500
614	281.28817215646103	3505
615	281.28980711717054	3510
616	281.19068375724675	3515
617	281.18947711923005	3520
618	281.1744184045048	3525
619	281.1422886310506	3530
620	281.0978860783117	3535
621	281.11430896707367	3540
622	281.0950159365308	3545
623	281.02878787878785	3550
624	280.98153405858284	3555
625	280.9847346381985	3560
626	280.94615459135287	3565
627	280.88386763300906	3570
628	280.89643728467735	3575
629	280.81724188257414	3580
630	280.7937955400905	3585
631	280.7816628870416	3590
632	280.72849968511406	3595
633	280.7257575757576	3600
634	280.72208087883945	3605
635	280.67813992529153	3610
636	280.7031975481761	3615
637	280.70635164367116	3620
638	280.6906763435969	3625
639	280.7145587537028	3630
640	280.72766093077865	3635
641	280.72537806338534	3640
642	280.7259171576361	3645
643	280.7257575757576	3650
644	280.7234337262939	3655
645	280.667738088821	3660
646	280.6383505636079	3665
647	280.6345832082221	3670
648	280.5523532738039	3675
649	280.525149290503	3680
650	280.5295313544925	3685
651	280.5286534265829	3690
652	280.52881702507887	3695
653	280.52878787878785	3700
654	280.5285348715533	3705
655	280.53082036565934	3710
656	280.51584794412287	3715
657	280.4828509945135	3720
658	280.50732201711656	3725
659	280.4604268657921	3730
660	280.43408904402594	3735
661	280.4384866008512	3740
662	280.43791681828395	3745
663	280.4378787878788	3750
664	280.4355417344644	3755
665	280.3800145173131	3760
666	280.3495618588213	3765
667	280.35214198522743	3770
668	280.28271573364157	3775
669	280.2392667558708	3780
670	280.1877332426498	3785
671	280.20547213069773	3790
672	280.1857341104319	3795
673	280.1348484848485	3800
674	280.1354575591377	3805
675	280.1335305900916	3810
676	280.10934038444555	3815
677	280.08994528903196	3820
678	280.0676118934331	3825
679	279.97588025492473	3830
680	279.9520435246034	3835
681	279.92157779622596	3840
682	279.838061464325	3845
683	279.7863636363636	3850
684	279.721276771914	3855
685	279.68927211273024	3860
686	279.6284845965625	3865
687	279.58858827791215	3870
688	279.5632452722133	3875
689	279.5055000558949	3880
690	279.4839921872851	3885
691	279.40182454059646	3890
692	279.4066095096772	3895
693	279.3621212121212	3900
694	279.28014628580445	3905
695	279.26102816054527	3910
696	279.24913270041293	3915
697	279.127161040899	3920
698	279.11400146240226	3925
699	279.028896781914	3930
700	278.9859119435257	3935
701	279.00200935413847	3940
702	278.99481974688484	3945
703	279.04393939393947	3950
704	278.96231404538077	3955
705	278.9545573841137	3960
706	278.9145832714304	3965
707	278.8201192263768	3970
708	278.79819674317844	3975
709	278.7432310637708	3980
710	278.67427539522384	3985
711	278.6511982184616	3990
712	278.6392836764687	3995
713	278.54393939393947	4000
714	278.4502193640203	4005
715	278.4481285017015	4010
716	278.39479783116445	4015
717	278.29113665057247	4020
718	278.238002830817	4025
719	278.2095030284202	4030
720	278.12634888666133	4035
721	278.1070416473939	4040
722	278.1027297722841	4045
723	278.1348484848485	4050
724	278.1345464324136	4055
725	278.1339721218416	4060
726	278.1089578707956	4065
727	278.0912305045351	4070
728	278.06211024600185	4075
729	278.00765217998946	4080
730	277.9715291452572	4085
731	277.89803431182116	4090
732	277.9084885161182	4095
733	277.84696969696967	4100
734	277.83198349485207	4105
735	277.8317456024176	4110
736	277.8318418165305	4115
737	277.83181015854757	4120
738	277.8318266239193	4125
739	277.83179054565363	4130
740	277.83191651858266	4135
741	277.8315125550889	4140
742	277.83251477353946	4145
743	277.81666666666666	4150
744	277.7987925328627	4155
745	277.76795390894137	4160
746	277.7447627072415	4165
747	277.69539588848687	4170
748	277.67004980205076	4175
749	277.6076713234083	4180
750	277.60097743884876	4185
751	277.5700573834265	4190
752	277.5308787239797	4195
753	277.51363636363635	4200
754	277.49179853924977	4205
755	277.4202780506377	4210
756	277.4329963381806	4215
757	277.404864293307	4220
758	277.39995278855025	4225
759	277.3953351278565	4230
760	277.3611245810971	4235
761	277.33226126473323	4240
762	277.3319722696722	4245
763	277.33181818181816	4250
764	277.32784903186285	4255
765	277.28769985232105	4260
766	277.3186646486686	4265
767	277.2478868881696	4270
768	277.18214117030993	4275
769	277.1651972932898	4280
770	277.1212412829992	4285
771	277.0438908693104	4290
772	276.9848783163394	4295
773	276.9681818181818	4300
774	276.8732138743416	4305
775	276.87369681415635	4310
776	276.7821548482506	4315
777	276.734929719733	4320
778	276.7258239701054	4325
779	276.59582013357215	4330
780	276.58562259910474	4335
781	276.4570256887585	4340
782	276.4664435108716	4345
783	276.3924242424242	4350
784	276.3282230899301	4355
785	276.2953633700747	4360
786	276.26410144624043	4365
787	276.21673649357575	4370
788	276.16423852555494	4375
789	276.1174230047833	4380
790	276.04261677097713	4385
791	276.01547795779186	4390
792	275.9886249302774	4395
793	275.9227272727273	4400
794	275.90503986347323	4405
795	275.8508658163023	4410
796	275.81192781977626	4415
797	275.7832044196048	4420
798	275.70308126339825	4425
799	275.6861560813769	4430
800	275.6908690616804	4435
801	275.6413966137594	4440
802	275.6340872286762	4445
803	275.6348484848485	4450
804	275.6347631810493	4455
805	275.63584166316997	4460
806	275.6282101057808	4465
807	275.5928807699332	4470
808	275.60204442336953	4475
809	275.56980479787507	4480
810	275.52486711700203	4485
811	275.4593560486616	4490
812	275.4811339642589	4495
813	275.4378787878788	4500
814	275.3423992987695	4505
815	275.3276988856812	4510
816	275.2952930744271	4515
817	275.2780803247851	4520
818	275.22983221036066	4525
819	275.20992053986345	4530
820	275.18651664025805	4535
821	275.097999908342	4540
822	275.1034530805179	4545
823	275.0590909090909	4550
824	274.9817025551811	4555
825	274.99699545808016	4560
826	274.95888223626804	4565
827	274.91866459582326	4570
828	274.88702165877424	4575
829	274.8988225841807	4580
830	274.85169759879403	4585
831	274.7943736227703	4590
832	274.75679102207073	4595
833	274.7560606060606	4600
834	274.67339447784633	4605
835	274.6281924157473	4610
836	274.5989070486549	4615
837	274.5811159097398	4620
838	274.48216899104636	4625
839	274.45398409026217	4630
840	274.42614932186154	4635
841	274.3118489065884	4640
842	274.302139922931	4645
843	274.2560606060606	4650
844	274.22587750504226	4655
845	274.2176412456706	4660
846	274.1817046488217	4665
847	274.1848749972983	4670
848	274.1221821083766	4675
849	274.09771868600996	4680
850	274.0494279075482	4685
851	273.98823666269607	4690
852	273.9830270317706	4695
853	273.9681818181818	4700
854	273.9183286956394	4705
855	273.8648726114574	4710
856	273.8075784931175	4715
857	273.7978206251999	4720
858	273.72148777896274	4725
859	273.67827560252215	4730
860	273.6427769373361	4735
861	273.5770809516182	4740
862	273.5779391004916	4745
863	273.49848484848485	4750
864	273.4951592982586	4755
865	273.4317340751922	4760
866	273.4097567226334	4765
867	273.37818332483874	4770
868	273.3929365932419	4775
869	273.3409858386407	4780
870	273.291691176526	4785
871	273.27573685059946	4790
872	273.2317405799152	4795
873	273.16515151515154	4800
874	273.1325148610817	4805
875	273.09548249245313	4810
876	273.0504769474729	4815
877	273.00630593450256	4820
878	272.99605679627456	4825
879	273.00419258227595	4830
880	272.93907891782965	4835
881	272.8966881859605	4840
882	272.8779695083385	4845
883	272.8621212121212	4850
884	272.7990600341254	4855
885	272.7978450691298	4860
886	272.73489896592946	4865
887	272.68885739856665	4870
888	272.70334353371555	4875
889	272.6523649695642	4880
890	272.5900811364661	4885
891	272.6048494688969	4890
892	272.564389262889	4895
893	272.52878787878785	4900
894	272.529027034433	4905
895	272.5286786561657	4910
896	272.5288477353425	4915
897	272.52865000960645	4920
898	272.5293551097164	4925
899	272.5232570372544	4930
900	272.4884688292343	4935
901	272.49633364065966	4940
902	272.47352133808414	4945
903	272.4075757575757	4950
904	272.37831072806085	4955
905	272.3872844589718	4960
906	272.3375145330829	4965
907	272.33217425894367	4970
908	272.32766194462374	4975
909	272.2953210809049	4980
910	272.28945130344744	4985
911	272.24073314915563	4990
912	272.1696722611575	4995
913	272.119696969697	5000
914	272.0414925249212	5005
915	272.0361644325412	5010
916	271.939517153797	5015
917	271.8851248157526	5020
918	271.8506281112775	5025
919	271.790088708878	5030
920	271.80040022218253	5035
921	271.76696890950046	5040
922	271.7270169422462	5045
923	271.7257575757576	5050
924	271.725479542812	5055
925	271.7276343189728	5060
926	271.74703360627507	5065
927	271.7946071350341	5070
928	271.8027383366705	5075
929	271.7999837066273	5080
930	271.83041170012194	5085
931	271.8319912284924	5090
932	271.83179670820095	5095
933	271.83181818181816	5100
934	271.8318192973997	5105
935	271.8318177434465	5110
936	271.8318180288562	5115
937	271.8318196648633	5120
938	271.8318114816735	5125
939	271.83184500018405	5130
940	271.83172153109024	5135
941	271.83211878667026	5140
942	271.8311330082683	5145
943	271.83181818181816	5150
944	271.784761748146	5155
945	271.8064124886518	5160
946	271.78453062412444	5165
947	271.7331644849237	5170
948	271.70097034611484	5175
949	271.68814283369335	5180
950	271.67828287593625	5185
951	271.63035842964746	5190
952	271.5750461027304	5195
953	271.6045454545455	5200
954	271.56865258113635	5205
955	271.52639885730866	5210
956	271.52590717899	5215
957	271.510565497426	5220
958	271.51927199264946	5225
959	271.48308415107726	5230
960	271.47900123747587	5235
961	271.4606401144202	5240
962	271.42685896222014	5245
963	271.3772727272727	5250
964	271.3935179564765	5255
965	271.3682190385316	5260
966	271.32527080896233	5265
967	271.30619194830933	5270
968	271.2726017286072	5275
969	271.22708986520536	5280
970	271.1991698750453	5285
971	271.1651629138054	5290
972	271.064946309222	5295
973	271.0590909090909	5300
974	271.03824955428297	5305
975	270.95363641597964	5310
976	270.8936395579121	5315
977	270.8832211407334	5320
978	270.88096267222403	5325
979	270.8459198045196	5330
980	270.79483943341063	5335
981	270.7999631411121	5340
982	270.7739487624328	5345
983	270.7712121212121	5350
984	270.77103449897254	5355
985	270.7715665026683	5360
986	270.76909795120713	5365
987	270.74275700597406	5370
988	270.72351487521007	5375
989	270.7247767671993	5380
990	270.7313328446155	5385
991	270.6847852697398	5390
992	270.70841898835124	5395
993	270.68030303030304	5400
994	270.6134333037235	5405
995	270.57400866101415	5410
996	270.5911264367441	5415
997	270.5516568099072	5420
998	270.4915575297236	5425
999	270.48766479060095	5430
1000	270.4424088739143	5435
1001	270.39500188615705	5440
1002	270.38070909942064	5445
1003	270.33181818181816	5450
1004	270.3288380422617	5455
1005	270.2841643324101	5460
1006	270.3073101594282	5465
1007	270.28371204417675	5470
1008	270.248081264813	5475
1009	270.214962390223	5480
1010	270.1786315909533	5485
1011	270.1968253069993	5490
1012	270.15350313371914	5495
1013	270.15	5500
1014	270.1327235209686	5505
1015	270.11897273292357	5510
1016	270.1190957008672	5515
1017	270.1239523155858	5520
1018	270.0949881810477	5525
1019	270.08162972888067	5530
1020	270.0738814176981	5535
1021	270.0191325137144	5540
1022	270.01389587188527	5545
1023	269.99848484848485	5550
1024	270.00771739985845	5555
1025	269.98162351246964	5560
1026	269.91785604813856	5565
1027	269.89570973774494	5570
1028	269.87516984452253	5575
1029	269.85661306920434	5580
1030	269.8152600833723	5585
1031	269.79370523761645	5590
1032	269.73986531979244	5595
1033	269.71493454485017	5600
1034	269.7570279056103	5605
1035	269.79463816352734	5610
1036	269.7997786006804	5615
1037	269.7786422272641	5620
1038	269.7834038089267	5625
1039	269.7788952811229	5630
1040	269.73575955628155	5635
1041	269.7150111977053	5640
1042	269.6924900496576	5645
1043	269.69383370136734	5650
1044	269.6587869962412	5655
1045	269.627045159382	5660
1046	269.62307189483806	5665
1047	269.62308694497546	5670
1048	269.62656464373487	5675
1049	269.61250641424147	5680
1050	269.6076085126379	5685
1051	269.6201412644815	5690
1052	269.6019904094806	5695
1053	269.62595719209247	5700
1054	269.62288260442085	5705
1055	269.60154843902353	5710
1056	269.5778385996271	5715
1057	269.60236305900446	5720
1058	269.5493342852485	5725
1059	269.51141200190966	5730
1060	269.51306059439037	5735
1061	269.49796930831246	5740
1062	269.4850872335249	5745
1063	269.49234653653997	5750
1064	269.4750791004714	5755
1065	269.4296354506833	5760
1066	269.38541938470274	5765
1067	269.35213295611646	5770
1068	269.349629066469	5775
1069	269.28357127970776	5780
1070	269.22154611429266	5785
1071	269.1330719419305	5790
1072	269.12916882688916	5795
1073	269.07942608198385	5800
1074	269.02444457471074	5805
1075	269.00067282566675	5810
1076	268.97471682764456	5815
1077	268.9019324501577	5820
1078	268.84142428420506	5825
1079	268.82614559451355	5830
1080	268.76480914870336	5835
1081	268.6878432378247	5840
1082	268.64454200852714	5845
1083	268.558192346711	5850
1084	268.4962431883186	5855
1085	268.45170562005285	5860
1086	268.45489257282014	5865
1087	268.3826564141165	5870
1088	268.3054521284103	5875
1089	268.2780077397009	5880
1090	268.2469994421719	5885
1091	268.19876034440233	5890
1092	268.1712447982067	5895
1093	268.1390182906383	5900
1094	268.11143378802876	5905
1095	268.1032492438955	5910
1096	268.0663862941928	5915
1097	268.09213613930064	5920
1098	268.089229630757	5925
1099	268.0679135657769	5930
1100	268.0497089953227	5935
1101	267.98675351861243	5940
1102	267.96046852901685	5945
1103	267.9209765640981	5950
1104	267.908920853723	5955
1105	267.89173663151536	5960
1106	267.82929121405755	5965
1107	267.7815563356922	5970
1108	267.7730439070763	5975
1109	267.72671185938395	5980
1110	267.6562153157163	5985
1111	267.6569170094854	5990
1112	267.5885203660187	5995
1113	267.525939849624	6000
1114	267.45910314265336	6005
1115	267.48322486665205	6010
1116	267.40664108596366	6015
1117	267.3889877979939	6020
1118	267.3627149139456	6025
1119	267.33301568125086	6030
1120	267.2954298576371	6035
1121	267.285972223209	6040
1122	267.2927089858865	6045
1123	267.23226094059123	6050
1124	267.17685422646645	6055
1125	267.16675916684875	6060
1126	267.1599687884862	6065
1127	267.0956721952709	6070
1128	267.0759924836777	6075
1129	267.01391771559554	6080
1130	266.96860489089954	6085
1131	266.9278730629618	6090
1132	266.88620955714447	6095
1133	266.84082138309253	6100
1134	266.81583733407524	6105
1135	266.77927753293824	6110
1136	266.7617267979391	6115
1137	266.79239915272774	6120
1138	266.8058939560688	6125
1139	266.80275490942427	6130
1140	266.80682393004275	6135
1141	266.8274322118724	6140
1142	266.82672085862947	6145
1143	266.8283578604102	6150
1144	266.78521367127473	6155
1145	266.7843128151279	6160
1146	266.7357753423487	6165
1147	266.6748202176034	6170
1148	266.67714806742464	6175
1149	266.6184244863977	6180
1150	266.58228112399917	6185
1151	266.59297699663375	6190
1152	266.53803912554827	6195
1153	266.5041898621731	6200
1154	266.48431460025256	6205
1155	266.46364570656937	6210
1156	266.4416566799903	6215
1157	266.3992033294718	6220
1158	266.3586857147089	6225
1159	266.2933300176631	6230
1160	266.2702998420369	6235
1161	266.21438920144595	6240
1162	266.17839654854544	6245
1163	266.15212942001875	6250
1164	266.096843315945	6255
1165	266.09374585460205	6260
1166	266.08700544528733	6265
1167	266.02523833277735	6270
1168	266.0097981703964	6275
1169	265.9918165994125	6280
1170	265.98989490374447	6285
1171	265.94654650926327	6290
1172	265.9262982881269	6295
1173	265.8832672799272	6300
1174	265.87805591989206	6305
1175	265.8689397503491	6310
1176	265.8091883320785	6315
1177	265.77389485576157	6320
1178	265.7450894420544	6325
1179	265.70082569126083	6330
1180	265.6538510263732	6335
1181	265.57973478041424	6340
1182	265.54346894274374	6345
1183	265.5211040174827	6350
1184	265.39805416072534	6355
1185	265.4054942971121	6360
1186	265.3616084540917	6365
1187	265.31907976316415	6370
1188	265.2772434250381	6375
1189	265.23654383378255	6380
1190	265.1880411797606	6385
1191	265.1894982353274	6390
1192	265.21548445222714	6395
1193	265.1554648255391	6400
1194	265.1070595328771	6405
1195	265.09991200309133	6410
1196	265.0605794674499	6415
1197	265.0304688577906	6420
1198	264.9737473550852	6425
1199	264.9748940793502	6430
1200	264.93148650407574	6435
1201	264.95175926532016	6440
1202	264.9980787556174	6445
1203	264.9804493214397	6450
1204	264.99096040266323	6455
1205	265.01635136551823	6460
1206	265.02839686742465	6465
1207	264.99667898756655	6470
1208	264.97450383187254	6475
1209	264.96882225082857	6480
1210	264.8992830423454	6485
1211	264.8344119625674	6490
1212	264.8423979506668	6495
1213	264.81156523034235	6500
1214	264.74864055441464	6505
1215	264.72896767403586	6510
1216	264.7295304172789	6515
1217	264.7110276538295	6520
1218	264.6854240759871	6525
1219	264.68905451707855	6530
1220	264.6417162677501	6535
1221	264.59554914568	6540
1222	264.59732950539563	6545
1223	264.57596802701744	6550
1224	264.5377243418422	6555
1225	264.5183510092375	6560
1226	264.5027676109425	6565
1227	264.50056620461805	6570
1228	264.4802587031726	6575
1229	264.48034610746294	6580
1230	264.43807817047355	6585
1231	264.39495421142436	6590
1232	264.3686385551134	6595
1233	264.3739061712462	6600
1234	264.32012679361384	6605
1235	264.295152321304	6610
1236	264.2967669007439	6615
1237	264.2431332730432	6620
1238	264.2037300767336	6625
1239	264.2116890435095	6630
1240	264.21026736669415	6635
1241	264.2085794101195	6640
1242	264.1812141588265	6645
1243	264.14168289052606	6650
1244	264.1426356714785	6655
1245	264.081303137215	6660
1246	264.0131767420347	6665
1247	263.9913935878023	6670
1248	263.9376850664985	6675
1249	263.8818930269478	6680
1250	263.8636209382884	6685
1251	263.8112617286564	6690
1252	263.78047406787715	6695
1253	263.76163681810755	6700
1254	263.69912939447596	6705
1255	263.69391611002476	6710
1256	263.68375298016167	6715
1257	263.6170225803816	6720
1258	263.5777969708923	6725
1259	263.5572044411148	6730
1260	263.5160295904826	6735
1261	263.4739548204123	6740
1262	263.42965113541726	6745
1263	263.40553001750385	6750
1264	263.3731255029027	6755
1265	263.3237480588827	6760
1266	263.3023689750967	6765
1267	263.2484917991732	6770
1268	263.1836137766056	6775
1269	263.1564892099715	6780
1270	263.09841277817293	6785
1271	263.1407317442672	6790
1272	263.19142052744627	6795
1273	263.0823308270676	6800
1274	263.10341194069787	6805
1275	263.0691835258334	6810
1276	263.01975481001926	6815
1277	263.01294195114895	6820
1278	263.01524967133986	6825
1279	263.0144358562071	6830
1280	263.01487271089985	6835
1281	263.01411226181375	6840
1282	263.0164044325878	6845
1283	263.00860682022136	6850
1284	262.98899027177293	6855
1285	262.99505026666264	6860
1286	262.9866570968345	6865
1287	262.9229648480989	6870
1288	262.92413026169044	6875
1289	262.9240558209176	6880
1290	262.92828891245296	6885
1291	262.88624163832463	6890
1292	262.8932640248832	6895
1293	262.8967629192595	6900
1294	262.8403423594102	6905
1295	262.7949635860655	6910
1296	262.7874512616796	6915
1297	262.7922449652898	6920
1298	262.7791888240687	6925
1299	262.7359617359859	6930
1300	262.7206817653648	6935
1301	262.721570056201	6940
1302	262.72141870511507	6945
1303	262.7211915045265	6950
1304	262.72300434438193	6955
1305	262.6905621619806	6960
1306	262.6178630559581	6965
1307	262.62749516271447	6970
1308	262.58789214523796	6975
1309	262.4876566690418	6980
1310	262.4253768467701	6985
1311	262.3964312688573	6990
1312	262.37271406310555	6995
1313	262.27535171832915	7000
1314	262.14556813372656	7005
1315	262.1607171434941	7010
1316	262.15590785554133	7015
1317	262.11309145564616	7020
1318	262.09503732790887	7025
1319	262.0115262410719	7030
1320	261.99234718606857	7035
1321	262.0134767894443	7040
1322	261.92301937255746	7045
1323	261.8894460651053	7050
1324	261.9124756256006	7055
1325	261.8461572352621	7060
1326	261.78684018240665	7065
1327	261.80224243069716	7070
1328	261.78586473941493	7075
1329	261.7186435925711	7080
1330	261.683093859683	7085
1331	261.6836414311839	7090
1332	261.6422707035809	7095
1333	261.59484667920094	7100
1334	261.6135444392911	7105
1335	261.58991562946056	7110
1336	261.5198542948746	7115
1337	261.49980747270456	7120
1338	261.4978739381173	7125
1339	261.4534131120753	7130
1340	261.3822171987091	7135
1341	261.3362216688098	7140
1342	261.31290000477804	7145
1343	261.2716901335388	7150
1344	261.2208173683634	7155
1345	261.14270914656686	7160
1346	261.2093786522858	7165
1347	261.1895157799246	7170
1348	261.20555133460095	7175
1349	261.2238912477718	7180
1350	261.2832818483006	7185
1351	261.3060594057934	7190
1352	261.29633705819134	7195
1353	261.3123952122663	7200
1354	261.32426289184997	7205
1355	261.32640672250784	7210
1356	261.3599290139221	7215
1357	261.3938489795515	7220
1358	261.3906383384511	7225
1359	261.38914069531705	7230
1360	261.36789560538244	7235
1361	261.36887813396254	7240
1362	261.3291611673991	7245
1363	261.28641966797596	7250
1364	261.2418820189862	7255
1365	261.21941254364873	7260
1366	261.17455594778306	7265
1367	261.0977894603383	7270
1368	261.07551145087785	7275
1369	261.0523574966182	7280
1370	260.991743272178	7285
1371	260.94049170829345	7290
1372	260.85987386071554	7295
1373	260.81983778928736	7300
1374	260.7554555347271	7305
1375	260.7142749267569	7310
1376	260.6931142774212	7315
1377	260.6578375223474	7320
1378	260.5694140141371	7325
1379	260.55637506261985	7330
1380	260.5189345937883	7335
1381	260.44487360229266	7340
1382	260.4026059027634	7345
1383	260.403310080836	7350
1384	260.37493678306816	7355
1385	260.32342063242976	7360
1386	260.33196113613553	7365
1387	260.33059638722625	7370
1388	260.32944788112184	7375
1389	260.30711385266966	7380
1390	260.28547588193095	7385
1391	260.2879452338878	7390
1392	260.2327880436786	7395
1393	260.16308293332236	7400
1394	260.1306362914235	7405
1395	260.1212941578188	7410
1396	260.05625998151	7415
1397	259.9929246100964	7420
1398	259.99999814612096	7425
1399	259.9638181086843	7430
1400	259.89353416595077	7435
1401	259.90194208844724	7440
1402	259.8733797722444	7445
1403	259.83207835967124	7450
1404	259.8117641774754	7455
1405	259.7912581668541	7460
1406	259.7672709596694	7465
1407	259.77164845607166	7470
1408	259.7167296647064	7475
1409	259.6845848590906	7480
1410	259.6397770855811	7485
1411	259.58128999937026	7490
1412	259.5483649780466	7495
1413	259.4860028690085	7500
1414	259.4076138783331	7505
1415	259.37983888586393	7510
1416	259.3497881974301	7515
1417	259.290252544225	7520
1418	259.2923777795776	7525
1419	259.24957189175643	7530
1420	259.2252778381781	7535
1421	259.22837026234	7540
1422	259.19976735292965	7545
1423	259.2472086805262	7550
1424	259.16701430554275	7555
1425	259.0889012777378	7560
1426	259.0758781243853	7565
1427	259.0153369231052	7570
1428	258.9605485294977	7575
1429	258.9170907114891	7580
1430	258.8859276008777	7585
1431	258.8817705709008	7590
1432	258.81395239634264	7595
1433	258.774060150376	7600
1434	258.7772869997143	7605
1435	258.69301776026094	7610
1436	258.6826427396649	7615
1437	258.656078680108	7620
1438	258.6024702256818	7625
1439	258.5969999012898	7630
1440	258.5631259746037	7635
1441	258.50072012448067	7640
1442	258.4701251523402	7645
1443	258.45509354079314	7650
1444	258.4187312036434	7655
1445	258.3288358279446	7660
1446	258.276035063652	7665
1447	258.2772315711801	7670
1448	258.23450624265575	7675
1449	258.1905512686339	7680
1450	258.17035173623054	7685
1451	258.12891410774904	7690
1452	258.10738109294664	7695
1453	258.05479328258303	7700
1454	258.0121658759797	7705
1455	257.99967688678	7710
1456	257.96559458813863	7715
1457	257.92947176451105	7720
1458	257.9105164547326	7725
1459	257.8912160622344	7730
1460	257.8641330267216	7735
1461	257.7995010204154	7740
1462	257.7588005719731	7745
1463	257.7178442090108	7750
1464	257.65279612374485	7755
1465	257.62858665471185	7760
1466	257.59008081547273	7765
1467	257.5636906060776	7770
1468	257.5312826832452	7775
1469	257.4868392473597	7780
1470	257.44449137513163	7785
1471	257.40740296895973	7790
1472	257.40013539214715	7795
1473	257.3876111000132	7800
1474	257.31460938333277	7805
1475	257.26062749463904	7810
1476	257.26216845559225	7815
1477	257.2192180949781	7820
1478	257.1572264821777	7825
1479	257.08877789826886	7830
1480	257.08178631665703	7835
1481	257.0592118745884	7840
1482	256.9761012884444	7845
1483	256.9295113476331	7850
1484	256.9099055507739	7855
1485	256.8411712859796	7860
1486	256.7666727712419	7865
1487	256.73804747148256	7870
1488	256.7130738805386	7875
1489	256.6698115611858	7880
1490	256.6263785386428	7885
1491	256.5627423940429	7890
1492	256.5199801783355	7895
1493	256.49960218955175	7900
1494	256.44807852859697	7905
1495	256.33696038497453	7910
1496	256.3112075751195	7915
1497	256.2978366104853	7920
1498	256.22264056010704	7925
1499	256.1454696074135	7930
1500	256.0908187265311	7935
1501	256.0617524414609	7940
1502	256.02881766722777	7945
1503	255.97031558974652	7950
1504	255.94953375962567	7955
1505	255.88286267148285	7960
1506	255.82011950013597	7965
1507	255.7960630357613	7970
1508	255.8029955243795	7975
1509	255.71317149468547	7980
1510	255.6202336519171	7985
1511	255.6443224367252	7990
1512	255.5529827785023	7995
1513	255.45048470575318	8000
1514	255.46844991265596	8005
1515	255.42818084357125	8010
1516	255.35481698357657	8015
1517	255.33990749070884	8020
1518	255.28958585503483	8025
1519	255.2282785181539	8030
1520	255.18647178685603	8035
1521	255.12246563913737	8040
1522	255.09923885627228	8045
1523	255.06648002221678	8050
1524	254.9793531793077	8055
1525	254.95094466395167	8060
1526	254.8751339651986	8065
1527	254.78285323393982	8070
1528	254.73757028855127	8075
1529	254.69625376654997	8080
1530	254.65279695637093	8085
1531	254.61531530248345	8090
1532	254.59900645818698	8095
1533	254.57135515154116	8100
1534	254.50823837716226	8105
1535	254.48856774308078	8110
1536	254.4495223290457	8115
1537	254.3638930247241	8120
1538	254.32016335986808	8125
1539	254.24167433743443	8130
1540	254.18966598464343	8135
1541	254.12161953318608	8140
1542	254.05326954742046	8145
1543	254.0254152339432	8150
1544	254.01222261389753	8155
1545	254.01713638643866	8160
1546	254.00856251964223	8165
1547	253.99445778812796	8170
1548	254.01375243346516	8175
1549	253.96806517168193	8180
1550	253.9257197606063	8185
1551	253.9049409480553	8190
1552	253.86688626450555	8195
1553	253.81756713387085	8200
1554	253.81580855293745	8205
1555	253.77207257586727	8210
1556	253.7249027338622	8215
1557	253.72103982961463	8220
1558	253.72153716535607	8225
1559	253.72139945564646	8230
1560	253.72143651170694	8235
1561	253.72142503884146	8240
1562	253.72143323474307	8245
1563	253.7214213773303	8250
1564	253.72142616680165	8255
1565	253.72152368937455	8260
1566	253.72083232248067	8265
1567	253.72428374412598	8270
1568	253.7009485369541	8275
1569	253.72347198123816	8280
1570	253.77281035861068	8285
1571	253.80442468102785	8290
1572	253.81108504450864	8295
1573	253.8191255906454	8300
1574	253.83696518318726	8305
1575	253.83277909059842	8310
1576	253.83658296204425	8315
1577	253.85964727384874	8320
1578	253.90434058607138	8325
1579	253.96935599323896	8330
1580	253.92686687218458	8335
1581	253.96000904341088	8340
1582	253.97725482226772	8345
1583	253.93537134473266	8350
1584	253.92386631077727	8355
1585	253.9116498959248	8360
1586	253.90344023774384	8365
1587	253.88555574386157	8370
1588	253.84812629619134	8375
1589	253.82167434230544	8380
1590	253.78701135574656	8385
1591	253.78581669571358	8390
1592	253.74083821277983	8395
1593	253.6988721804511	8400
1594	253.6337916280069	8405
1595	253.63139868815588	8410
1596	253.60042082501005	8415
1597	253.53203648446134	8420
1598	253.51375849674847	8425
1599	253.52200480819462	8430
1600	253.50666100493746	8435
1601	253.492229326481	8440
1602	253.50095578079066	8445
1603	253.4798425814684	8450
1604	253.41161383595306	8455
1605	253.38270521158097	8460
1606	253.37958068584305	8465
1607	253.31212445960162	8470
1608	253.2486864682719	8475
1609	253.2476428683564	8480
1610	253.21759977658166	8485
1611	253.1118695485298	8490
1612	253.06902104196072	8495
1613	253.05399154519202	8500
1614	253.03520714607808	8505
1615	252.99366153060544	8510
1616	252.92282023541463	8515
1617	252.87266419924444	8520
1618	252.86759257597222	8525
1619	252.8521992886183	8530
1620	252.7925854492701	8535
1621	252.7960141561289	8540
1622	252.7510125499626	8545
1623	252.68541361984276	8550
1624	252.702682876945	8555
1625	252.69646967019008	8560
1626	252.6149366737565	8565
1627	252.57328745876777	8570
1628	252.56186158935904	8575
1629	252.52318195768106	8580
1630	252.49456421148238	8585
1631	252.4579503926278	8590
1632	252.39458251611768	8595
1633	252.36120481199168	8600
1634	252.3422091524713	8605
1635	252.31902780644276	8610
1636	252.27548836548624	8615
1637	252.23335657607922	8620
1638	252.23107234273232	8625
1639	252.2519850956955	8630
1640	252.26961901630813	8635
1641	252.31413505432954	8640
1642	252.31182573541017	8645
1643	252.2957634676245	8650
1644	252.3067091414206	8655
1645	252.27670641542412	8660
1646	252.20927085854518	8665
1647	252.18857861887065	8670
1648	252.17704779306615	8675
1649	252.11178185831565	8680
1650	252.069507756064	8685
1651	252.00676554413272	8690
1652	252.00788794770327	8695
1653	251.95219407599737	8700
1654	251.85961406543808	8705
1655	251.8497393331663	8710
1656	251.81236550213504	8715
1657	251.72243617653803	8720
1658	251.67112702792159	8725
1659	251.67063111127288	8730
1660	251.59598966486556	8735
1661	251.54117114249493	8740
1662	251.56777262462728	8745
1663	251.4735478173669	8750
1664	251.439395136479	8755
1665	251.3952571004309	8760
1666	251.35326815788002	8765
1667	251.35486764864774	8770
1668	251.29846011204688	8775
1669	251.22952988625102	8780
1670	251.19675181717102	8785
1671	251.198946098348	8790
1672	251.17017241099643	8795
1673	251.1388986129137	8800
1674	251.10662503859683	8805
1675	251.0804260704253	8810
1676	251.07430613306033	8815
1677	251.02483261489897	8820
1678	250.9880695304183	8825
1679	250.96665166610583	8830
1680	250.92350575573252	8835
1681	250.88136924079552	8840
1682	250.8408237796665	8845
1683	250.79127971281073	8850
1684	250.8109153409072	8855
1685	250.76800801521276	8860
1686	250.7261803195413	8865
1687	250.70794256494057	8870
1688	250.70006373734884	8875
1689	250.68516030798295	8880
1690	250.63803822944328	8885
1691	250.59591023891815	8890
1692	250.55807968403437	8895
1693	250.53729102359725	8900
1694	250.49231885705265	8905
1695	250.42897980310556	8910
1696	250.38533038756628	8915
1697	250.365358079393	8920
1698	250.32370867775188	8925
1699	250.30180154232352	8930
1700	250.25146795994252	8935
1701	250.19343290850193	8940
1702	250.17230779992158	8945
1703	250.12841514136008	8950
1704	250.07753355190698	8955
1705	250.05832636624837	8960
1706	250.00662713087263	8965
1707	249.94547662660204	8970
1708	249.90575403780528	8975
1709	249.86285241661196	8980
1710	249.7997694821212	8985
1711	249.73593519835316	8990
1712	249.68873543901816	8995
1713	249.6715231363649	9000
1714	249.61031430028132	9005
1715	249.5956778285738	9010
1716	249.55762235049423	9015
1717	249.51943861508866	9020
1718	249.52335916216168	9025
1719	249.48567456801075	9030
1720	249.45663706739884	9035
1721	249.4529933282146	9040
1722	249.40692683222537	9045
1723	249.36452700134612	9050
1724	249.30080949717598	9055
1725	249.25602842272733	9060
1726	249.2594656767912	9065
1727	249.18734231027582	9070
1728	249.10905065071478	9075
1729	249.08616769722266	9080
1730	249.03348000508873	9085
1731	249.00088018583003	9090
1732	249.00652335555682	9095
1733	248.95313042893588	9100
1734	248.87403724883353	9105
1735	248.84449205705383	9110
1736	248.82010466492952	9115
1737	248.77777154240235	9120
1738	248.7340370736829	9125
1739	248.6486674886963	9130
1740	248.62493779042182	9135
1741	248.60475701118125	9140
1742	248.59777650217188	9145
1743	248.61045993226145	9150
1744	248.54542831620634	9155
1745	248.49105117556766	9160
1746	248.48189087424876	9165
1747	248.44628340599056	9170
1748	248.41285114635434	9175
1749	248.3850157106717	9180
1750	248.3118546171049	9185
1751	248.26257347189258	9190
1752	248.25769910138476	9195
1753	248.15	9200
1754	248.14993579797704	9205
1755	248.11249491149337	9210
1756	248.070468901183	9215
1757	248.00948730120427	9220
1758	247.9701522555274	9225
1759	247.9770188170131	9230
1760	247.93155665210614	9235
1761	247.9064271557234	9240
1762	247.92056565586958	9245
1763	247.84529396948196	9250
1764	247.74563289461295	9255
1765	247.72544912943417	9260
1766	247.74035856627836	9265
1767	247.6492104905414	9270
1768	247.56460649122806	9275
1769	247.5650720638421	9280
1770	247.5099423884828	9285
1771	247.44238679837218	9290
1772	247.39290588026626	9295
1773	247.372792603935	9300
1774	247.32240503066876	9305
1775	247.27848588229077	9310
1776	247.256090422061	9315
1777	247.20293709205893	9320
1778	247.1370478182831	9325
1779	247.0789913054458	9330
1780	247.03794413840765	9335
1781	246.99734107566155	9340
1782	246.9768904709437	9345
1783	246.93553848767505	9350
1784	246.88918013185915	9355
1785	246.89083985170925	9360
1786	246.83751064631997	9365
1787	246.80002764014756	9370
1788	246.78587208526864	9375
1789	246.7534429569052	9380
1790	246.70214251187315	9385
1791	246.68815656276178	9390
1792	246.65618609520394	9395
1793	246.547344701946	9400
1794	246.5322183306297	9405
1795	246.54079502386105	9410
1796	246.43228621578177	9415
1797	246.41361156035978	9420
1798	246.37221239768738	9425
1799	246.34808795615405	9430
1800	246.3288583457308	9435
1801	246.30569792644377	9440
1802	246.29690952825248	9445
1803	246.3085136066039	9450
1804	246.26502791179664	9455
1805	246.23186018823432	9460
1806	246.21131077236757	9465
1807	246.16020090043776	9470
1808	246.1590967185678	9475
1809	246.1148216032959	9480
1810	246.09473567834866	9485
1811	246.05171353226373	9490
1812	246.02970995900677	9495
1813	246.03251892483874	9500
1814	245.990584579842	9505
1815	245.98758210532637	9510
1816	245.9428517627993	9515
1817	245.8841733882313	9520
1818	245.86169161015982	9525
1819	245.82762521864083	9530
1820	245.79652015038448	9535
1821	245.76162715305034	9540
1822	245.7032015460356	9545
1823	245.68906177673907	9550
1824	245.6638713967795	9555
1825	245.62196272455867	9560
1826	245.60152302964613	9565
1827	245.56283681100123	9570
1828	245.47620239042462	9575
1829	245.4484970954271	9580
1830	245.39944879940836	9585
1831	245.32859353780665	9590
1832	245.2840172759628	9595
1833	245.22701370006862	9600
1834	245.18275327191193	9605
1835	245.1588157462062	9610
1836	245.1148937818382	9615
1837	245.0678979061216	9620
1838	245.00637724101313	9625
1839	244.96494709507263	9630
1840	244.9004034060907	9635
1841	244.83635560013184	9640
1842	244.81468293121208	9645
1843	244.77569329560103	9650
1844	244.73416635342664	9655
1845	244.67783410253003	9660
1846	244.6146804630786	9665
1847	244.6308463884028	9670
1848	244.57644340425	9675
1849	244.46184881202197	9680
1850	244.45419278836354	9685
1851	244.4375046313032	9690
1852	244.37143472115832	9695
1853	244.33320030649725	9700
1854	244.28974200537107	9705
1855	244.22621092411853	9710
1856	244.15987676005662	9715
1857	244.16014954538088	9720
1858	244.105953996639	9725
1859	244.05633890225627	9730
1860	244.01307352349374	9735
1861	243.99019475949106	9740
1862	243.9413468661701	9745
1863	243.90309989023234	9750
1864	243.90842376434287	9755
1865	243.8669917446854	9760
1866	243.809858927616	9765
1867	243.79409607470777	9770
1868	243.77121143996297	9775
1869	243.7271750731974	9780
1870	243.66266246795482	9785
1871	243.6626826166899	9790
1872	243.61071598415006	9795
1873	243.52234364991264	9800
1874	243.47064542172748	9805
1875	243.42975298596906	9810
1876	243.39445769929304	9815
1877	243.32079937100355	9820
1878	243.27311309678439	9825
1879	243.2649785681676	9830
1880	243.1836291939716	9835
1881	243.10782465985264	9840
1882	243.06962157471656	9845
1883	243.02659484183766	9850
1884	242.9847998400527	9855
1885	242.9454744370743	9860
1886	242.8561725514477	9865
1887	242.86673458367642	9870
1888	242.84691523563663	9875
1889	242.7789644406321	9880
1890	242.7371289558428	9885
1891	242.66448461481136	9890
1892	242.61470278288968	9895
1893	242.62592523956494	9900
1894	242.57082253912404	9905
1895	242.46659267658475	9910
1896	242.41241808848363	9915
1897	242.37184202176752	9920
1898	242.35300914826703	9925
1899	242.35391882155076	9930
1900	242.2954493096725	9935
1901	242.2069793172277	9940
1902	242.17413827052445	9945
1903	242.16250690360985	9950
1904	242.10788566050667	9955
1905	242.0584039290865	9960
1906	242.00205532293336	9965
1907	241.96120711384629	9970
1908	241.92030680619564	9975
1909	241.83886981756282	9980
1910	241.8040079217676	9985
1911	241.75910858795436	9990
1912	241.7200661412997	9995
1913	241.6988721804511	10000
1914	241.61397848287993	10005
1915	241.58441204934235	10010
1916	241.59423175213325	10015
1917	241.52560575682307	10020
1918	241.57526319190586	10025
1919	241.61233131074772	10030
1920	241.54375507654936	10035
1921	241.51936084576639	10040
1922	241.4934598751734	10045
1923	241.39694329095178	10050
1924	241.3187579187999	10055
1925	241.26309793542438	10060
1926	241.24725573166174	10065
1927	241.22255941548912	10070
1928	241.13701000247858	10075
1929	241.1139456754124	10080
1930	241.07808517801774	10085
1931	241.01362410079713	10090
1932	240.97782483372893	10095
1933	240.98333115040546	10100
1934	240.940440563219	10105
1935	240.89455308339745	10110
1936	240.87288057403373	10115
1937	240.81904459786065	10120
1938	240.75479920290002	10125
1939	240.69199609191168	10130
1940	240.62916474562994	10135
1941	240.56564640688393	10140
1942	240.5030544129343	10145
1943	240.4616322164191	10150
1944	240.3992591140805	10155
1945	240.35180441149205	10160
1946	240.3290449097853	10165
1947	240.29882410827474	10170
1948	240.22511372182547	10175
1949	240.1521590340319	10180
1950	240.15526488919022	10185
1951	240.14729173171705	10190
1952	240.0747050096484	10195
1953	240.0097775830034	10200
1954	239.9594288771981	10205
1955	239.95865521120896	10210
1956	239.89055341329123	10215
1957	239.8275809915613	10220
1958	239.80793985695524	10225
1959	239.74631560850418	10230
1960	239.71635499542467	10235
1961	239.70076257675305	10240
1962	239.66413053336763	10245
1963	239.6200987765153	10250
1964	239.5804039634428	10255
1965	239.530226875795	10260
1966	239.46020969634225	10265
1967	239.41305389104946	10270
1968	239.3869162364765	10275
1969	239.32068267256602	10280
1970	239.28366559053055	10285
1971	239.26220874815593	10290
1972	239.19896543446202	10295
1973	239.15331710543882	10300
1974	239.1339279560158	10305
1975	239.08184694830317	10310
1976	238.99845024790253	10315
1977	238.93074163456527	10320
1978	238.94227509755936	10325
1979	238.912961518354	10330
1980	238.83023876599606	10335
1981	238.8058763897028	10340
1982	238.77810991865925	10345
1983	238.7384591321267	10350
1984	238.71775664676204	10355
1985	238.67352547687415	10360
1986	238.63158979240916	10365
1987	238.63107610226763	10370
1988	238.61536517223564	10375
1989	238.56944725909509	10380
1990	238.5671776050198	10385
1991	238.52313456448542	10390
1992	238.46822404210258	10395
1993	238.4249754479656	10400
1994	238.40355296632055	10405
1995	238.3993459687716	10410
1996	238.37910907586067	10415
1997	238.3454938202326	10420
1998	238.28996962311874	10425
1999	238.29006777366808	10430
2000	238.22384987261643	10435
2001	238.1813707173707	10440
2002	238.1608507448383	10445
2003	238.12285907041485	10450
2004	238.06393939847314	10455
2005	237.99408237384205	10460
2006	237.96416005028777	10465
2007	237.92295458780234	10470
2008	237.85205818804977	10475
2009	237.7998931361283	10480
2010	237.75848820917525	10485
2011	237.72047767491824	10490
2012	237.70427636259885	10495
2013	237.67665452314696	10500
2014	237.6134381584931	10505
2015	237.59378320933263	10510
2016	237.57330096531345	10515
2017	237.53654257515404	10520
2018	237.45300025326867	10525
2019	237.40370318318608	10530
2020	237.34522472403762	10535
2021	237.30704527157891	10540
2022	237.28370294503245	10545
2023	237.22187414132998	10550
2024	237.1813509773988	10555
2025	237.18917771831775	10560
2026	237.14415776406892	10565
2027	237.0702200068903	10570
2028	237.07237669888883	10575
2029	237.00503965329776	10580
2030	236.9416692317881	10585
2031	236.90040333195677	10590
2032	236.83866177445492	10595
2033	236.78999579625213	10600
2034	236.76491923613256	10605
2035	236.74736456228484	10610
2036	236.7135987609434	10615
2037	236.66925956032875	10620
2038	236.6286958192189	10625
2039	236.58381444768318	10630
2040	236.55041369379504	10635
2041	236.52294900650315	10640
2042	236.45734439343818	10645
2043	236.41921776020274	10650
2044	236.39835462945865	10655
2045	236.35531698527063	10660
2046	236.33693779371765	10665
2047	236.26113864422942	10670
2048	236.18675845559468	10675
2049	236.14638493747606	10680
2050	236.07837639608258	10685
2051	235.99295619804644	10690
2052	235.96938672208987	10695
2053	235.9521125571127	10700
2054	235.87667370623194	10705
2055	235.8267405153362	10710
2056	235.80629733462771	10715
2057	235.76119180714295	10720
2058	235.7205564954259	10725
2059	235.70013410603232	10730
2060	235.6417186818508	10735
2061	235.548930873533	10740
2062	235.55776571306492	10745
2063	235.5404488545253	10750
2064	235.4732244798682	10755
2065	235.43232678916868	10760
2066	235.430420463679	10765
2067	235.4165573313026	10770
2068	235.4133474241047	10775
2069	235.42117701725186	10780
2070	235.37548826118055	10785
2071	235.3577155128812	10790
2072	235.33692796779448	10795
2073	235.337969924812	10800
2074	235.34092748174422	10805
2075	235.27560959292245	10810
2076	235.28753487716858	10815
2077	235.2718251790411	10820
2078	235.16917933426706	10825
2079	235.11240765213077	10830
2080	235.1141580200129	10835
2081	235.1054898457595	10840
2082	235.0747418020475	10845
2083	235.02823082990326	10850
2084	234.9952268718587	10855
2085	235.00314657808113	10860
2086	234.99344342665705	10865
2087	234.93131825512037	10870
2088	234.93395154720312	10875
2089	234.82513863465852	10880
2090	234.85578650217624	10885
2091	234.84057505177148	10890
2092	234.7427440724526	10895
2093	234.63987109723263	10900
2094	234.61206715780597	10905
2095	234.60604411607326	10910
2096	234.52401239809166	10915
2097	234.43332244267597	10920
2098	234.4096296780313	10925
2099	234.37742638127483	10930
2100	234.3175723874465	10935
2101	234.32539837648693	10940
2102	234.34540146353098	10945
2103	234.32189547477077	10950
2104	234.35236668216345	10955
2105	234.2951175537642	10960
2106	234.28632323025437	10965
2107	234.2473658512185	10970
2108	234.19558823648035	10975
2109	234.1490989709169	10980
2110	234.09307788107105	10985
2111	234.02160120716871	10990
2112	234.00389631019857	10995
2113	234.00316631871956	11000
2114	233.927477286145	11005
2115	233.9231650709746	11010
2116	233.90402393895658	11015
2117	233.8803620897481	11020
2118	233.8352050206436	11025
2119	233.8022931460395	11030
2120	233.7672265430991	11035
2121	233.713165998339	11040
2122	233.66904300552363	11045
2123	233.60583746546925	11050
2124	233.54734708375315	11055
2125	233.51093698019875	11060
2126	233.41715723419765	11065
2127	233.4201833638852	11070
2128	233.34435525540232	11075
2129	233.31606416844545	11080
2130	233.3145058873559	11085
2131	233.3202336634522	11090
2132	233.27916858846345	11095
2133	233.24491486317214	11100
2134	233.2131264590491	11105
2135	233.14142957095484	11110
2136	233.08980809854464	11115
2137	233.06329852689086	11120
2138	233.00644012713366	11125
2139	232.92030368461576	11130
2140	232.8345833230474	11135
2141	232.8385765046518	11140
2142	232.786288677914	11145
2143	232.71333861893243	11150
2144	232.63206967429863	11155
2145	232.65042298353453	11160
2146	232.6239222568073	11165
2147	232.54466897106337	11170
2148	232.5023625872716	11175
2149	232.4854767774634	11180
2150	232.4462178100236	11185
2151	232.40013802532513	11190
2152	232.39371679578608	11195
2153	232.374396866528	11200
2154	232.3012567260784	11205
2155	232.2819255866533	11210
2156	232.25704269375177	11215
2157	232.23291156415434	11220
2158	232.1576244477633	11225
2159	232.13147348442763	11230
2160	232.0667824059075	11235
2161	232.00149666471825	11240
2162	231.9952588247324	11245
2163	231.96869719904046	11250
2164	231.9116351201079	11255
2165	231.8723631554926	11260
2166	231.85933362565436	11265
2167	231.80386948886772	11270
2168	231.72431380740974	11275
2169	231.71970168257258	11280
2170	231.61587343846583	11285
2171	231.56973746992566	11290
2172	231.51957079768687	11295
2173	231.49628288759217	11300
2174	231.44281637231964	11305
2175	231.45949253713087	11310
2176	231.43644489322097	11315
2177	231.36691909860124	11320
2178	231.2796219460034	11325
2179	231.26316069753668	11330
2180	231.26397600158668	11335
2181	231.1558351184937	11340
2182	231.04246633727928	11345
2183	230.97657067243546	11350
2184	230.93257586145998	11355
2185	230.9063300027136	11360
2186	230.83118067132264	11365
2187	230.80283327569379	11370
2188	230.80922505169733	11375
2189	230.73874460568425	11380
2190	230.72118920375502	11385
2191	230.70373568378176	11390
2192	230.59398697780463	11395
2193	230.50667344512772	11400
2194	230.5401408589202	11405
2195	230.48150488598026	11410
2196	230.32556905299825	11415
2197	230.33420162111162	11420
2198	230.31547487737396	11425
2199	230.21370200976034	11430
2200	230.1682793915734	11435
2201	230.14392972405207	11440
2202	230.09862747402715	11445
2203	230.01989214892816	11450
2204	230.00857203757673	11455
2205	229.99473978647524	11460
2206	229.96775612295593	11465
2207	229.93975248018234	11470
2208	229.9332601988105	11475
2209	229.91249597020985	11480
2210	229.8670580869765	11485
2211	229.84056785166732	11490
2212	229.78756726138374	11495
2213	229.73939117196707	11500
2214	229.68952099419562	11505
2215	229.64035844996815	11510
2216	229.6163478345546	11515
2217	229.568555587366	11520
2218	229.5351336836729	11525
2219	229.53999486396685	11530
2220	229.48706615750567	11535
2221	229.4166359167107	11540
2222	229.39822630495868	11545
2223	229.40690891300943	11550
2224	229.456753618228	11555
2225	229.46041328328496	11560
2226	229.3557393470039	11565
2227	229.31639982086583	11570
2228	229.2627069975045	11575
2229	229.1886076605038	11580
2230	229.11616004333356	11585
2231	228.9893887248376	11590
2232	228.95567798177453	11595
2233	228.91343120016728	11600
2234	228.86968977998794	11605
2235	228.77526833021278	11610
2236	228.73641673196374	11615
2237	228.72168303797366	11620
2238	228.66764988908267	11625
2239	228.60677037926024	11630
2240	228.54725780969187	11635
2241	228.51513659653637	11640
2242	228.44574508226762	11645
2243	228.4492277285194	11650
2244	228.39757137749103	11655
2245	228.32175338844274	11660
2246	228.29527461905803	11665
2247	228.25108176824068	11670
2248	228.19978870035195	11675
2249	228.15148798229814	11680
2250	228.1010652926464	11685
2251	228.05525907276572	11690
2252	227.9920938954436	11695
2253	227.92414233620892	11700
2254	227.8812068264996	11705
2255	227.82274987204727	11710
2256	227.75379074876818	11715
2257	227.73497702586138	11720
2258	227.70752123363175	11725
2259	227.63253269467322	11730
2260	227.60489430416263	11735
2261	227.58539614112553	11740
2262	227.52081158608996	11745
2263	227.43640487300098	11750
2264	227.40646157046686	11755
2265	227.3384618732992	11760
2266	227.24470649501953	11765
2267	227.17339252198778	11770
2268	227.10897477965463	11775
2269	227.11089391148795	11780
2270	227.11835495554348	11785
2271	227.03844432472357	11790
2272	226.99167729707165	11795
2273	226.9426235212248	11800
2274	226.94346385661595	11805
2275	226.89971902539972	11810
2276	226.82796427276625	11815
2277	226.74886056230136	11820
2278	226.7095210350474	11825
2279	226.69429153870752	11830
2280	226.6416955457714	11835
2281	226.5591207703092	11840
2282	226.50207929918255	11845
2283	226.49647246447864	11850
2284	226.4792696322279	11855
2285	226.40053547090554	11860
2286	226.357748425461	11865
2287	226.3331313914307	11870
2288	226.28379597839134	11875
2289	226.2093987029596	11880
2290	226.15685099924116	11885
2291	226.11165911272073	11890
2292	226.04113261838265	11895
2293	225.98582179180852	11900
2294	226.03084081622427	11905
2295	225.99838016890038	11910
2296	225.92103444044244	11915
2297	225.88666478793064	11920
2298	225.82161768365287	11925
2299	225.7920394211477	11930
2300	225.71825781019865	11935
2301	225.69867873078158	11940
2302	225.6730553480558	11945
2303	225.62418258298618	11950
2304	225.5725891041673	11955
2305	225.54757355765315	11960
2306	225.50301406849437	11965
2307	225.4563031054486	11970
2308	225.38483666774252	11975
2309	225.34052991444668	11980
2310	225.30574870489556	11985
2311	225.26715651417186	11990
2312	225.2285898861059	11995
2313	225.15474101781822	12000
2314	225.10808656609302	12005
2315	225.06138131166665	12010
2316	225.03684221709375	12015
2317	224.98683609319122	12020
2318	224.96201711868073	12025
2319	224.91780844041378	12030
2320	224.8449817511818	12035
2321	224.78505813925403	12040
2322	224.76131956863125	12045
2323	224.70572070077395	12050
2324	224.63686409745785	12055
2325	224.60316219793384	12060
2326	224.57962449361304	12065
2327	224.5562097147099	12070
2328	224.52673897232097	12075
2329	224.47458044826956	12080
2330	224.42701223587164	12085
2331	224.40393234103124	12090
2332	224.40461927231664	12095
2333	224.36298559503308	12100
2334	224.2595271926218	12105
2335	224.2419580407576	12110
2336	224.23206837143206	12115
2337	224.1918762273257	12120
2338	224.11943194376002	12125
2339	224.07869564678447	12130
2340	224.09170692404578	12135
2341	224.07472319719005	12140
2342	224.01537717726654	12145
2343	223.98203757586586	12150
2344	224.00872890113843	12155
2345	223.97762526876625	12160
2346	223.90305551746164	12165
2347	223.85043894181115	12170
2348	223.85004307382522	12175
2349	223.8130476753581	12180
2350	223.73605471501637	12185
2351	223.69564208184428	12190
2352	223.6780552992588	12195
2353	223.63960864459685	12200
2354	223.58500257732737	12205
2355	223.54762145336557	12210
2356	223.5188381719642	12215
2357	223.4649917995639	12220
2358	223.41985542281967	12225
2359	223.3974140513023	12230
2360	223.37191414459062	12235
2361	223.32258070024292	12240
2362	223.27338456380966	12245
2363	223.22236690597674	12250
2364	223.1926971901958	12255
2365	223.17209856873825	12260
2366	223.13161125012272	12265
2367	223.07602607237413	12270
2368	223.04482564966418	12275
2369	223.00270138397445	12280
2370	222.92049133245314	12285
2371	222.8545738326376	12290
2372	222.80767422163697	12295
2373	222.75741663137416	12300
2374	222.70920032819203	12305
2375	222.68525230200189	12310
2376	222.66471170226882	12315
2377	222.56465533750247	12320
2378	222.54827790652695	12325
2379	222.54508791085289	12330
2380	222.45582215063246	12335
2381	222.39745807902833	12340
2382	222.38724875917907	12345
2383	222.3365210129921	12350
2384	222.26090168106725	12355
2385	222.23661141838076	12360
2386	222.22270820494765	12365
2387	222.14516267521677	12370
2388	222.0978672445199	12375
2389	222.05011257479802	12380
2390	222.05188414192568	12385
2391	221.98050429681314	12390
2392	221.92640137338867	12395
2393	221.87880182379362	12400
2394	221.83071175890038	12405
2395	221.77419904646035	12410
2396	221.76095740933152	12415
2397	221.73663371709603	12420
2398	221.69644246341775	12425
2399	221.6569689118636	12430
2400	221.58514125166744	12435
2401	221.5792289907681	12440
2402	221.56202551303375	12445
2403	221.43639531899782	12450
2404	221.41578788810727	12455
2405	221.39531932396258	12460
2406	221.29462341405846	12465
2407	221.2660868135953	12470
2408	221.18126883573416	12475
2409	221.11486056516145	12480
2410	221.05409239947505	12485
2411	220.98699649425018	12490
2412	220.9527957026349	12495
2413	220.9316766921252	12500
2414	220.9001743468166	12505
2415	220.84489827361796	12510
2416	220.80557155242315	12515
2417	220.8058877874697	12520
2418	220.78100633072188	12525
2419	220.78249450869382	12530
2420	220.71058119569045	12535
2421	220.65677088819487	12540
2422	220.60951727580579	12545
2423	220.5595052129078	12550
2424	220.51055488420582	12555
2425	220.4610515868072	12560
2426	220.41242110472396	12565
2427	220.36115556669387	12570
2428	220.3194094630509	12575
2429	220.30114879326604	12580
2430	220.26537918156478	12585
2431	220.18913129762586	12590
2432	220.14472682528785	12595
2433	220.12007654836458	12600
2434	220.04719600465185	12605
2435	219.96926550846177	12610
2436	219.93826575920093	12615
2437	219.91847744407096	12620
2438	219.8753052760863	12625
2439	219.82360278588243	12630
2440	219.77735910562998	12635
2441	219.71706838162638	12640
2442	219.63725089377525	12645
2443	219.57489857706958	12650
2444	219.51901455330295	12655
2445	219.4511958496139	12660
2446	219.42884689044539	12665
2447	219.37739793436663	12670
2448	219.32818799944891	12675
2449	219.2810067420927	12680
2450	219.2047853584844	12685
2451	219.17466894663764	12690
2452	219.13071275170756	12695
2453	219.09908262070053	12700
2454	219.05996704082023	12705
2455	219.01953845080058	12710
2456	219.0009523899749	12715
2457	218.9667209319981	12720
2458	218.9140228458529	12725
2459	218.86798899007835	12730
2460	218.811947347194	12735
2461	218.71026485552684	12740
2462	218.63903435854596	12745
2463	218.63965501790602	12750
2464	218.5975511446454	12755
2465	218.51596941409736	12760
2466	218.51068881845893	12765
2467	218.4556979802974	12770
2468	218.4069148666997	12775
2469	218.38369315262455	12780
2470	218.29561889618503	12785
2471	218.23065991670086	12790
2472	218.18933007447535	12795
2473	218.1407568661439	12800
2474	218.23898886454512	12805
2475	218.2550340283341	12810
2476	218.0788123878771	12815
2477	218.0827608367068	12820
2478	218.06859179400453	12825
2479	217.89985264674908	12830
2480	217.80471592625128	12835
2481	217.75316177522933	12840
2482	217.7263993014668	12845
2483	217.67224305922286	12850
2484	217.60129441105687	12855
2485	217.57380047059638	12860
2486	217.5280393036348	12865
2487	217.4635493788367	12870
2488	217.44174359888834	12875
2489	217.38550599766654	12880
2490	217.3099957434113	12885
2491	217.26438097618967	12890
2492	217.29384471913124	12895
2493	217.15112838955923	12900
2494	217.0809568346711	12905
2495	217.0663488368256	12910
2496	216.9944147109594	12915
2497	216.9715226113466	12920
2498	216.95103933248907	12925
2499	216.89422929225495	12930
2500	216.84696775899297	12935
2501	216.79772723442022	12940
2502	216.74682153070935	12945
2503	216.7026307085964	12950
2504	216.6783228287721	12955
2505	216.6256859397519	12960
2506	216.55139855020923	12965
2507	216.50197977016916	12970
2508	216.4498439788231	12975
2509	216.42953550947433	12980
2510	216.3528397552982	12985
2511	216.36829163332447	12990
2512	216.39572131634483	12995
2513	216.39791854218603	13000
2514	216.35731934135336	13005
2515	216.3082143522566	13010
2516	216.29792084702868	13015
2517	216.21178752324607	13020
2518	216.14435214552938	13025
2519	216.09569512402388	13030
2520	216.04703305604428	13035
2521	216.02306498728777	13040
2522	215.9746642884168	13045
2523	215.9282876395038	13050
2524	215.85144709692148	13055
2525	215.83190602100996	13060
2526	215.82958730641863	13065
2527	215.76401660544613	13070
2528	215.718603910618	13075
2529	215.6722168397141	13080
2530	215.61817670077704	13085
2531	215.62039284943782	13090
2532	215.55030947945679	13095
2533	215.45939593208365	13100
2534	215.43683587039882	13105
2535	215.36117912014055	13110
2536	215.309743932057	13115
2537	215.28641301570045	13120
2538	215.23848097443366	13125
2539	215.2083907657212	13130
2540	215.1741308732744	13135
2541	215.09575299942136	13140
2542	215.06889395234475	13145
2543	215.04347990947846	13150
2544	214.95709170232365	13155
2545	214.89203590317118	13160
2546	214.84943568722568	13165
2547	214.82884151470122	13170
2548	214.79918104206556	13175
2549	214.7235846582856	13180
2550	214.67400119777574	13185
2551	214.6500681773938	13190
2552	214.6038690938727	13195
2553	214.5528823517605	13200
2554	214.5060649068059	13205
2555	214.44298389868075	13210
2556	214.35591418961823	13215
2557	214.32966932536587	13220
2558	214.3016649741146	13225
2559	214.23333242941305	13230
2560	214.21926435466943	13235
2561	214.18635397909654	13240
2562	214.1391587991817	13245
2563	214.11497851228424	13250
2564	214.06476925836003	13255
2565	214.01521778314049	13260
2566	213.96729740936544	13265
2567	213.91212936918373	13270
2568	213.9078368229931	13275
2569	213.8738841947773	13280
2570	213.83154138615646	13285
2571	213.82742431317297	13290
2572	213.81711431832227	13295
2573	213.78964488207083	13300
2574	213.7639607478597	13305
2575	213.69457453049264	13310
2576	213.60770846913437	13315
2577	213.58056055548053	13320
2578	213.45161480897914	13325
2579	213.3525989066117	13330
2580	213.3263631240864	13335
2581	213.28450572051236	13340
2582	213.20603286812081	13345
2583	213.185926118287	13350
2584	213.19848881286623	13355
2585	213.1676268495823	13360
2586	213.19961536163956	13365
2587	213.1766449575326	13370
2588	213.05358906265946	13375
2589	213.03035099123946	13380
2590	212.9900326050498	13385
2591	212.88560475804204	13390
2592	212.8197030680036	13395
2593	212.79509394572023	13400
2594	212.67169965423312	13405
2595	212.60855979949318	13410
2596	212.63924686812211	13415
2597	212.5631876954833	13420
2598	212.48720689059647	13425
2599	212.46630169973744	13430
2600	212.4189775493242	13435
2601	212.402722459785	13440
2602	212.36226099444718	13445
2603	212.21739947264163	13450
2604	212.16748527528702	13455
2605	212.16840714204977	13460
2606	212.0181807996939	13465
2607	212.00034874594033	13470
2608	211.92462175352082	13475
2609	211.897137843987	13480
2610	211.87607517470724	13485
2611	211.83078572272137	13490
2612	211.77667624871688	13495
2613	211.74886273910656	13500
2614	211.70686441532905	13505
2615	211.673164159156	13510
2616	211.62897999044569	13515
2617	211.55401332703556	13520
2618	211.51990662650206	13525
2619	211.48588471381836	13530
2620	211.40932926673668	13535
2621	211.36494855828224	13540
2622	211.3404339379332	13545
2623	211.29121044523202	13550
2624	211.24279052100397	13555
2625	211.18712415545465	13560
2626	211.18787618073733	13565
2627	211.12670664578744	13570
2628	211.10105155574433	13575
2629	211.0774995375694	13580
2630	211.0387909941554	13585
2631	210.9946296911918	13590
2632	210.9300460795663	13595
2633	210.911039672293	13600
2634	210.84555690180173	13605
2635	210.7522769671696	13610
2636	210.73115282021516	13615
2637	210.6810326186958	13620
2638	210.63196650104572	13625
2639	210.57957908027342	13630
2640	210.55849614771788	13635
2641	210.4858546497849	13640
2642	210.47192208346434	13645
2643	210.41477136286795	13650
2644	210.32502372872108	13655
2645	210.30662796736007	13660
2646	210.31087804535977	13665
2647	210.3059881606374	13670
2648	210.2700824444011	13675
2649	210.2285888403701	13680
2650	210.2270002056129	13685
2651	210.14950401916468	13690
2652	210.074952976726	13695
2653	210.02464053664116	13700
2654	209.9763085552144	13705
2655	209.9251917967692	13710
2656	209.89058180199143	13715
2657	209.88774519035564	13720
2658	209.8686573202337	13725
2659	209.78148929743236	13730
2660	209.70973849230373	13735
2661	209.69318692641477	13740
2662	209.61812761857942	13745
2663	209.53878076866454	13750
2664	209.53494746508306	13755
2665	209.43279772456663	13760
2666	209.410542747437	13765
2667	209.38526869888577	13770
2668	209.38463269031777	13775
2669	209.35169159798772	13780
2670	209.24693913238963	13785
2671	209.23458322515035	13790
2672	209.25478232335934	13795
2673	209.1554985748956	13800
2674	209.07839840909355	13805
2675	209.1016181781752	13810
2676	209.0743140561676	13815
2677	208.9971909366632	13820
2678	208.95638518348943	13825
2679	208.93082152250759	13830
2680	208.88028764950846	13835
2681	208.83080147936928	13840
2682	208.78411972621623	13845
2683	208.70719329994125	13850
2684	208.6905240168278	13855
2685	208.70565263412027	13860
2686	208.64749325522672	13865
2687	208.6010630468134	13870
2688	208.5638578549021	13875
2689	208.53729358098522	13880
2690	208.5198535901933	13885
2691	208.4342590951225	13890
2692	208.36737279458066	13895
2693	208.31976181659502	13900
2694	208.27008162282797	13905
2695	208.22088358771578	13910
2696	208.17299378423567	13915
2697	208.09838899892083	13920
2698	208.06148115820076	13925
2699	208.06882650191088	13930
2700	208.01045030293275	13935
2701	207.96399695407865	13940
2702	207.9327799778322	13945
2703	207.87860634065865	13950
2704	207.83140088717778	13955
2705	207.77956339530087	13960
2706	207.73716366966718	13965
2707	207.71153388595707	13970
2708	207.659097064484	13975
2709	207.611283049433	13980
2710	207.58755301640292	13985
2711	207.53604366064576	13990
2712	207.53510365629236	13995
2713	207.49249111138374	14000
2714	207.47380859715685	14005
2715	207.48324228795968	14010
2716	207.35665442668878	14015
2717	207.30402840474426	14020
2718	207.27852297268012	14025
2719	207.16662286082166	14030
2720	207.15726803673886	14035
2721	207.08813209259304	14040
2722	206.99593902585764	14045
2723	206.9762531280218	14050
2724	206.95110074333166	14055
2725	206.9287713234265	14060
2726	206.85412579139347	14065
2727	206.82589773842474	14070
2728	206.76437219809236	14075
2729	206.69698125264262	14080
2730	206.68695962723908	14085
2731	206.66864446105447	14090
2732	206.59204731909952	14095
2733	206.551801720489	14100
2734	206.54096065647795	14105
2735	206.49756397353255	14110
2736	206.49829271863496	14115
2737	206.4395945672626	14120
2738	206.3390714607267	14125
2739	206.26347258835474	14130
2740	206.2937505254643	14135
2741	206.17899391986396	14140
2742	206.13313807821424	14145
2743	206.09903340328947	14150
2744	206.0423039101801	14155
2745	206.0088228924338	14160
2746	205.9883824859856	14165
2747	205.95415701204328	14170
2748	205.8967331558311	14175
2749	205.86592856323443	14180
2750	205.8584326763488	14185
2751	205.81069096222927	14190
2752	205.81344218552593	14195
2753	205.78743910925536	14200
2754	205.7627218745623	14205
2755	205.7380446620285	14210
2756	205.7145709793978	14215
2757	205.67442366836212	14220
2758	205.59911781957607	14225
2759	205.5589837240502	14230
2760	205.52012307186482	14235
2761	205.4057734235722	14240
2762	205.31765850520887	14245
2763	205.30687884436514	14250
2764	205.2742645061661	14255
2765	205.22054230532157	14260
2766	205.1780382492365	14265
2767	205.17816988665516	14270
2768	205.10356802257328	14275
2769	205.00059387706662	14280
2770	204.98963515796186	14285
2771	205.00238464857821	14290
2772	204.93792888905446	14295
2773	204.89577294105226	14300
2774	204.86282875823096	14305
2775	204.8067448712302	14310
2776	204.76913498682126	14315
2777	204.74868263154738	14320
2778	204.717656163766	14325
2779	204.66270389138438	14330
2780	204.62231362040106	14335
2781	204.62211423187557	14340
2782	204.59757801084936	14345
2783	204.6483932838892	14350
2784	204.62979088931996	14355
2785	204.60050084808626	14360
2786	204.58419445718553	14365
2787	204.5151882176179	14370
2788	204.47801806945537	14375
2789	204.41770824030374	14380
2790	204.30970751147638	14385
2791	204.28692836794534	14390
2792	204.30099733714667	14395
2793	204.23029621814956	14400
2794	204.16953224220953	14405
2795	204.17472319120563	14410
2796	204.14493768622648	14415
2797	204.07010024657038	14420
2798	204.04334352874793	14425
2799	204.02248589089214	14430
2800	203.97376136897026	14435
2801	203.94334788489715	14440
2802	203.91746942447753	14445
2803	203.90964674889972	14450
2804	203.9009879093406	14455
2805	203.8647250120508	14460
2806	203.80288176021298	14465
2807	203.73248986544735	14470
2808	203.69005318514226	14475
2809	203.63075464631018	14480
2810	203.53394127396058	14485
2811	203.51326147038847	14490
2812	203.51345536867697	14495
2813	203.49400972856083	14500
2814	203.4206093717782	14505
2815	203.38577213173315	14510
2816	203.35364929261425	14515
2817	203.26344198775084	14520
2818	203.18768967093425	14525
2819	203.15497892632823	14530
2820	203.1378017309642	14535
2821	203.09065645094842	14540
2822	203.03039316039127	14545
2823	203.03779768499166	14550
2824	203.00219705125167	14555
2825	202.92884726647947	14560
2826	202.90554005101654	14565
2827	202.87863206555025	14570
2828	202.90256743287603	14575
2829	202.88706093464106	14580
2830	202.8592833498032	14585
2831	202.83453234435405	14590
2832	202.81452344277676	14595
2833	202.76556413291928	14600
2834	202.6786573377364	14605
2835	202.6348148689543	14610
2836	202.63970434024384	14615
2837	202.5983834458119	14620
2838	202.56539589501236	14625
2839	202.6154130223125	14630
2840	202.58731891611504	14635
2841	202.58824780115285	14640
2842	202.544533917688	14645
2843	202.46599719652755	14650
2844	202.43851637718268	14655
2845	202.36715936994273	14660
2846	202.23533920012812	14665
2847	202.1647852401104	14670
2848	202.17128938287254	14675
2849	202.1379942527056	14680
2850	202.06312751253938	14685
2851	202.02140325254896	14690
2852	201.9637526073988	14695
2853	201.89446968800885	14700
2854	201.87180646555677	14705
2855	201.82155729627362	14710
2856	201.77250108208722	14715
2857	201.7207298043059	14720
2858	201.69738305193184	14725
2859	201.63429975041552	14730
2860	201.56722226823686	14735
2861	201.55701460944715	14740
2862	201.53786229445518	14745
2863	201.46589599309405	14750
2864	201.40927360976102	14755
2865	201.39240065843606	14760
2866	201.36064981264775	14765
2867	201.3096363242334	14770
2868	201.26024876995064	14775
2869	201.21164522758184	14780
2870	201.18715972391215	14785
2871	201.14448498885665	14790
2872	201.03633178712536	14795
2873	201.05529582957223	14800
2874	200.9670234530059	14805
2875	200.890588140715	14810
2876	200.9049513875555	14815
2877	200.85714803076334	14820
2878	200.80914942777935	14825
2879	200.81213989808091	14830
2880	200.7794465879946	14835
2881	200.76327987304282	14840
2882	200.75920408253967	14845
2883	200.70640680768486	14850
2884	200.65761030058087	14855
2885	200.6089779210756	14860
2886	200.5556910769316	14865
2887	200.55208164447802	14870
2888	200.52233360656575	14875
2889	200.42660971183284	14880
2890	200.36627122039482	14885
2891	200.37613533057373	14890
2892	200.32352184051157	14895
2893	200.23842375412522	14900
2894	200.2388725972545	14905
2895	200.22033522036546	14910
2896	200.1426505896204	14915
2897	200.09803324979438	14920
2898	200.07555344290068	14925
2899	200.0768170112972	14930
2900	200.0059764993953	14935
2901	199.9452870428404	14940
2902	199.95312999096166	14945
2903	199.85419841754694	14950
2904	199.76798857959582	14955
2905	199.74604346617699	14960
2906	199.7090155730428	14965
2907	199.6542571730746	14970
2908	199.61612456811358	14975
2909	199.58891936200152	14980
2910	199.5786108934277	14985
2911	199.59466521551573	14990
2912	199.57921218260836	14995
2913	199.6788796102992	15000
2914	199.52630211199985	15005
2915	199.5692109698421	15010
2916	199.47760235635957	15015
2917	199.35005897449432	15020
2918	199.33507633033332	15025
2919	199.30849638732101	15030
2920	199.25931833339908	15035
2921	199.26882156419092	15040
2922	199.27708602279628	15045
2923	199.30944288596748	15050
2924	199.352110577858	15055
2925	199.2758767131783	15060
2926	199.2799556139915	15065
2927	199.22750401206767	15070
2928	199.2036009869575	15075
2929	199.17817800790704	15080
2930	199.1756882011469	15085
2931	199.17645459819	15090
2932	199.17761080846785	15095
2933	199.1715546802957	15100
2934	199.19900237342875	15105
2935	199.1698545905728	15110
2936	199.1031314671862	15115
2937	199.09830583669392	15120
2938	199.0919778547868	15125
2939	199.0645292011941	15130
2940	199.08039162134853	15135
2941	199.11957819740906	15140
2942	198.99049186798152	15145
2943	198.9370577004047	15150
2944	198.9692068587163	15155
2945	198.8892687005282	15160
2946	198.95740539260152	15165
2947	198.8615617179226	15170
2948	198.79575468665217	15175
2949	198.77946067828972	15180
2950	198.67154933524728	15185
2951	198.60502369661143	15190
2952	198.5860031879802	15195
2953	198.56724929654942	15200
2954	198.56479091587326	15205
2955	198.54036128350134	15210
2956	198.51158388674486	15215
2957	198.4109920263447	15220
2958	198.41071559722403	15225
2959	198.34705506089847	15230
2960	198.26375856576328	15235
2961	198.2317764785264	15240
2962	198.20204463527224	15245
2963	198.21610428619917	15250
2964	198.20363836945157	15255
2965	198.15651551388183	15260
2966	198.13517008184607	15265
2967	198.11657651105944	15270
2968	198.11834391129108	15275
2969	198.120824202734	15280
2970	198.11437791811815	15285
2971	198.03857835285194	15290
2972	198.01394232925412	15295
2973	197.97131220377264	15300
2974	197.87028695321777	15305
2975	197.8325980944488	15310
2976	197.7960784199146	15315
2977	197.73930416665678	15320
2978	197.7088289824525	15325
2979	197.6723342134279	15330
2980	197.6275486695869	15335
2981	197.61479237397154	15340
2982	197.61670136346802	15345
2983	197.61590570648835	15350
2984	197.61685552467912	15355
2985	197.61538501748066	15360
2986	197.59018743232002	15365
2987	197.58846825311556	15370
2988	197.59523724394234	15375
2989	197.5285496561654	15380
2990	197.4832053815772	15385
2991	197.49433655889183	15390
2992	197.42513288622993	15395
2993	197.35568193808243	15400
2994	197.34546034849157	15405
2995	197.30543308209474	15410
2996	197.26432225848572	15415
2997	197.23428847140386	15420
2998	197.1904838760989	15425
2999	197.19182650120572	15430
3000	197.13857883814964	15435
3001	197.0626352555851	15440
3002	197.06329561421188	15445
3003	196.99911871221494	15450
3004	196.92348755333413	15455
3005	196.84075958597268	15460
3006	196.8240749045222	15465
3007	196.79684146281824	15470
3008	196.84750016739048	15475
3009	196.81733724345372	15480
3010	196.7223800206489	15485
3011	196.75312686774117	15490
3012	196.66083288848185	15495
3013	196.72397990792857	15500
3014	196.74566173827185	15505
3015	196.7959988445978	15510
3016	196.8191872527684	15515
3017	196.89017363987767	15520
3018	196.95853091123698	15525
3019	197.08364945942515	15530
3020	197.12992704418278	15535
3021	197.20387239062762	15540
3022	197.35163410775584	15545
3023	197.421355579023	15550
3024	197.4494869129716	15555
3025	197.4896251555042	15560
3026	197.48237280523423	15565
3027	197.4851605937315	15570
3028	197.4822685497337	15575
3029	197.485591542076	15580
3030	197.56243634158744	15585
3031	197.51602868822135	15590
3032	197.51110782402404	15595
3033	197.49630906395882	15600
3034	197.61367687861616	15605
3035	197.59863776365358	15610
3036	197.58337303097585	15615
3037	197.7128036378189	15620
3038	197.79916606768882	15625
3039	197.791042585194	15630
3040	197.77866392255171	15635
3041	197.8038699507137	15640
3042	197.80166742625946	15645
3043	197.79995466565188	15650
3044	197.77491017957385	15655
3045	197.7998634679684	15660
3046	197.78383416612235	15665
3047	197.71069365754164	15670
3048	197.67031886280543	15675
3049	197.67311298211877	15680
3050	197.64195727586747	15685
3051	197.58912021191318	15690
3052	197.5363592403028	15695
3053	197.50447738214024	15700
3054	197.4550473181482	15705
3055	197.36311890952416	15710
3056	197.35206327452545	15715
3057	197.31601819638087	15720
3058	197.21789723764948	15725
3059	197.21955069237723	15730
3060	197.17653496779812	15735
3061	197.09255989324976	15740
3062	197.1125404848277	15745
3063	197.06010709142748	15750
3064	197.02612897161998	15755
3065	197.04448362843144	15760
3066	197.09346558055384	15765
3067	197.09965514314632	15770
3068	197.11414409896452	15775
3069	197.1570059630417	15780
3070	197.07703553059824	15785
3071	197.09221945991823	15790
3072	197.11424627426203	15795
3073	197.113813500348	15800
3074	197.13844887220543	15805
3075	197.16100160802736	15810
3076	197.21180952811346	15815
3077	197.22054091903996	15820
3078	197.23356426485074	15825
3079	197.26564060784835	15830
3080	197.27056003586233	15835
3081	197.2870868623843	15840
3082	197.2891493914353	15845
3083	197.2796819686632	15850
3084	197.29212712255423	15855
3085	197.2386868839121	15860
3086	197.21611842834497	15865
3087	197.1936409172852	15870
3088	197.21989654143198	15875
3089	197.17123542112327	15880
3090	197.16455457894773	15885
3091	197.16753687722203	15890
3092	197.1664201046919	15895
3093	197.16675005883175	15900
3094	197.1668440819792	15905
3095	197.16610842874826	15910
3096	197.16871049198338	15915
3097	197.15916643727851	15920
3098	197.133802821815	15925
3099	197.10379009514253	15930
3100	197.05496617507603	15935
3101	197.06627421481338	15940
3102	197.14039148104692	15945
3103	197.13574037691419	15950
3104	197.26357557003013	15955
3105	197.21332696201077	15960
3106	197.1703983607093	15965
3107	197.1349553900972	15970
3108	197.08169634680453	15975
3109	197.03219368511097	15980
3110	196.9907453461362	15985
3111	196.98316236269756	15990
3112	196.97041169131825	15995
3113	196.91183289815854	16000
3114	196.87327136266015	16005
3115	196.87508430474833	16010
3116	196.84742165024102	16015
3117	196.79794080575928	16020
3118	196.74753827853567	16025
3119	196.72027982604556	16030
3120	196.699409204813	16035
3121	196.65342454852768	16040
3122	196.61657452452573	16045
3123	196.61098289430004	16050
3124	196.60867158295196	16055
3125	196.62161897992246	16060
3126	196.57353331125145	16065
3127	196.50365179178823	16070
3128	196.5305095068925	16075
3129	196.4662028710631	16080
3130	196.39477065219515	16085
3131	196.34625987104798	16090
3132	196.2962217144063	16095
3133	196.27170281563855	16100
3134	196.22589187394743	16105
3135	196.1760116275569	16110
3136	196.1237796947267	16115
3137	196.0935209120949	16120
3138	196.05687804351814	16125
3139	196.004710059042	16130
3140	195.955107767412	16135
3141	195.91060475975698	16140
3142	195.89854267697305	16145
3143	195.89038071067714	16150
3144	195.83955899359708	16155
3145	195.81669858873667	16160
3146	195.79176926871625	16165
3147	195.79322607627546	16170
3148	195.74837100694202	16175
3149	195.69782745627845	16180
3150	195.64576971603296	16185
3151	195.6174340683917	16190
3152	195.5759029069888	16195
3153	195.54014394891084	16200
3154	195.50581396278957	16205
3155	195.4606027764181	16210
3156	195.44400366743906	16215
3157	195.40582962640292	16220
3158	195.3324322636948	16225
3159	195.28304945616983	16230
3160	195.20868945099346	16235
3161	195.18346276491067	16240
3162	195.18480468979428	16245
3163	195.16118672672343	16250
3164	195.15498244014617	16255
3165	195.15944651486237	16260
3166	195.14929060585777	16265
3167	195.1882219567815	16270
3168	195.11169445810378	16275
3169	195.01009827965177	16280
3170	195.0175382861236	16285
3171	194.95179983834555	16290
3172	194.8745349305051	16295
3173	194.8095222908086	16300
3174	194.81327840458664	16305
3175	194.78742622218542	16310
3176	194.75649036806306	16315
3177	194.78917468969493	16320
3178	194.71336935647065	16325
3179	194.68282014175622	16330
3180	194.63967091535218	16335
3181	194.6114100715341	16340
3182	194.5483827176414	16345
3183	194.5462548100991	16350
3184	194.5920852092381	16355
3185	194.5784836230486	16360
3186	194.45815120658767	16365
3187	194.49958280712764	16370
3188	194.5100096594742	16375
3189	194.3985834028976	16380
3190	194.37805434125576	16385
3191	194.40817996018453	16390
3192	194.3931470230717	16395
3193	194.39704132769165	16400
3194	194.37860792893036	16405
3195	194.3225976120608	16410
3196	194.26887647510156	16415
3197	194.22383074045635	16420
3198	194.2633238495077	16425
3199	194.2005877633727	16430
3200	194.23691859608311	16435
3201	194.18941689284034	16440
3202	194.11978264866121	16445
3203	194.09904865968483	16450
3204	194.1134567014634	16455
3205	194.104319816933	16460
3206	194.10527785284782	16465
3207	194.11468952289613	16470
3208	194.0598443971737	16475
3209	194.07957134419237	16480
3210	194.01608629904155	16485
3211	193.92716035361795	16490
3212	193.85571866374661	16495
3213	193.79385280088414	16500
3214	193.71383618302062	16505
3215	193.57909061789277	16510
3216	193.51137081860404	16515
3217	193.55085954589535	16520
3218	193.5110977107509	16525
3219	193.4044197519228	16530
3220	193.36920833842396	16535
3221	193.37736363396013	16540
3222	193.35021997667607	16545
3223	193.27343115738412	16550
3224	193.21694665239693	16555
3225	193.20330824307865	16560
3226	193.21265041284187	16565
3227	193.17774267874324	16570
3228	193.15617407258623	16575
3229	193.1547468409556	16580
3230	193.15530822233086	16585
3231	193.1549710539469	16590
3232	193.15560843468526	16595
3233	193.15353225041468	16600
3234	193.16284092664444	16605
3235	193.20247380318773	16610
3236	193.2165279593488	16615
3237	193.21079860696642	16620
3238	193.23620536317756	16625
3239	193.18277072821283	16630
3240	193.21260691393417	16635
3241	193.18524798536805	16640
3242	193.16929160585704	16645
3243	193.11378477600582	16650
3244	193.12128682917668	16655
3245	193.11765880241444	16660
3246	193.1431610704659	16665
3247	193.17713054687482	16670
3248	193.13075218044185	16675
3249	193.09735790171362	16680
3250	193.12471573527665	16685
3251	193.14266642313567	16690
3252	193.13639960577916	16695
3253	193.0863183658398	16700
3254	193.1537771849616	16705
3255	193.29713399115266	16710
3256	193.30991122728128	16715
3257	193.3154671730097	16720
3258	193.44081405118723	16725
3259	193.59452318791546	16730
3260	193.6948210736595	16735
3261	193.7441134236933	16740
3262	193.76819238713682	16745
3263	193.8088083538973	16750
3264	193.83361748344865	16755
3265	193.82257268331526	16760
3266	193.83763827228228	16765
3267	193.8539977681055	16770
3268	193.87487166602736	16775
3269	193.92980761646055	16780
3270	193.95797937705132	16785
3271	193.92448014273745	16790
3272	194.0240691276868	16795
3273	194.05259764938867	16800
3274	194.00949513905485	16805
3275	193.92944684343198	16810
3276	193.96005849062163	16815
3277	193.95151024015038	16820
3278	193.89594567275645	16825
3279	193.92244548265677	16830
3280	193.9219321380118	16835
3281	193.93976292844997	16840
3282	193.93741754083115	16845
3283	193.93786939803275	16850
3284	193.93781378177636	16855
3285	193.93780569852174	16860
3286	193.93781659938776	16865
3287	193.93780501115737	16870
3288	193.9378364233075	16875
3289	193.9377179471503	16880
3290	193.93816174701672	16885
3291	193.93656976279013	16890
3292	193.94203397598966	16895
3293	193.9205978335575	16900
3294	193.84270436778033	16905
3295	193.82646849475515	16910
3296	193.86341226305268	16915
3297	193.78232912156088	16920
3298	193.81411669841157	16925
3299	193.79440907923086	16930
3300	193.85182962165058	16935
3301	193.91589992816256	16940
3302	193.8971381749301	16945
3303	193.8972160479209	16950
3304	193.94255183913506	16955
3305	194.03857838263227	16960
3306	194.03122770035384	16965
3307	194.0380870440128	16970
3308	194.09911363310303	16975
3309	194.05972450321667	16980
3310	194.1516090947337	16985
3311	194.22508666129664	16990
3312	194.11875686680628	16995
3313	194.2432452276064	17000
3314	194.33400441784892	17005
3315	194.39091092474536	17010
3316	194.40945490758753	17015
3317	194.44806088933922	17020
3318	194.4307594445818	17025
3319	194.40369346464854	17030
3320	194.3758487198632	17035
3321	194.38348361220855	17040
3322	194.40284400013786	17045
3323	194.4075443466686	17050
3324	194.42887410598368	17055
3325	194.38034199267548	17060
3326	194.37715729743786	17065
3327	194.34490472810893	17070
3328	194.24525624211424	17075
3329	194.25538036573545	17080
3330	194.30598249298137	17085
3331	194.21844943406285	17090
3332	194.25692559557427	17095
3333	194.31603982998493	17100
3334	194.2431546950063	17105
3335	194.1341051805691	17110
3336	194.14796815350843	17115
3337	194.1724291502664	17120
3338	194.09047941562764	17125
3339	194.121960314522	17130
3340	194.26517552441598	17135
3341	194.31442543465917	17140
3342	194.21449616472074	17145
3343	194.31093960062105	17150
3344	194.37948611378562	17155
3345	194.31007574148472	17160
3346	194.24946174802406	17165
3347	194.24045538615152	17170
3348	194.24789834484787	17175
3349	194.22281686059972	17180
3350	194.20127764152951	17185
3351	194.20450846267963	17190
3352	194.16451921974456	17195
3353	194.0935269571912	17200
3354	194.0726249520296	17205
3355	194.092065159442	17210
3356	194.12279539429684	17215
3357	194.204709683799	17220
3358	194.15908365734035	17225
3359	194.2167215928072	17230
3360	194.29960289852383	17235
3361	194.39518505760404	17240
3362	194.5149584265238	17245
3363	194.53193291468827	17250
3364	194.63687380968403	17255
3365	194.6917994076036	17260
3366	194.66749762893085	17265
3367	194.80358141599154	17270
3368	194.8475474059027	17275
3369	194.84442090008864	17280
3370	194.8436725423403	17285
3371	194.84508735251242	17290
3372	194.8924975924596	17295
3373	194.85278736656954	17300
3374	194.93300085855395	17305
3375	194.9451815123867	17310
3376	194.89884371024084	17315
3377	194.89818133761491	17320
3378	194.89281799551446	17325
3379	194.88336059365707	17330
3380	194.9271779517913	17335
3381	194.9836608609082	17340
3382	194.99823971266082	17345
3383	195.01408202079878	17350
3384	195.07207531325878	17355
3385	195.13441863952536	17360
3386	195.1786744235878	17365
3387	195.1504532381076	17370
3388	195.188716642588	17375
3389	195.22280008248515	17380
3390	195.23425409059286	17385
3391	195.23629179841046	17390
3392	195.23605899389128	17395
3393	195.23488083568097	17400
3394	195.23948305476648	17405
3395	195.2225454161559	17410
3396	195.195506746988	17415
3397	195.22940216528968	17420
3398	195.28021825143838	17425
3399	195.26855197324426	17430
3400	195.21712443983526	17435
3401	195.26543806275575	17440
3402	195.17051205308996	17445
3403	195.15425386139972	17450
3404	195.1715250167404	17455
3405	195.20988622615536	17460
3406	195.2015850198796	17465
3407	195.22360664617983	17470
3408	195.2057381083945	17475
3409	195.1485555967927	17480
3410	195.16662284586457	17485
3411	195.14415206961652	17490
3412	195.06922067698432	17495
3413	195.0338405273629	17500
3414	195.04678208530183	17505
3415	195.09190891800154	17510
3416	195.14794310389874	17515
3417	195.14181329451634	17520
3418	195.16311154628576	17525
3419	195.2474489822225	17530
3420	195.3203195739726	17535
3421	195.41308887364212	17540
3422	195.40910473076661	17545
3423	195.36118710684318	17550
3424	195.3424609124874	17555
3425	195.27159520890913	17560
3426	195.22878443187523	17565
3427	195.2155394305032	17570
3428	195.20563353596106	17575
3429	195.1981742912874	17580
3430	195.22598352435824	17585
3431	195.20914721174267	17590
3432	195.20838167965843	17595
3433	195.1780118463621	17600
3434	195.1004128646407	17605
3435	195.0858028898151	17610
3436	195.08711137692762	17615
3437	195.09342570017452	17620
3438	195.09430908422567	17625
3439	195.11423223518503	17630
3440	195.11907407388614	17635
3441	195.04712080214776	17640
3442	195.10284148438873	17645
3443	195.06400593235716	17650
3444	195.1021968580926	17655
3445	195.08241939356577	17660
3446	195.1462034984525	17665
3447	195.2143698112429	17670
3448	195.26716667736176	17675
3449	195.31935123912052	17680
3450	195.33423341677417	17685
3451	195.33007428973602	17690
3452	195.30133452277622	17695
3453	195.2650210062839	17700
3454	195.245111497396	17705
3455	195.20919221986736	17710
3456	195.19777281807728	17715
3457	195.19622445510436	17720
3458	195.18898319732835	17725
3459	195.23462771111372	17730
3460	195.2369522167021	17735
3461	195.23541916783753	17740
3462	195.23606406723053	17745
3463	195.23595179437928	17750
3464	195.2354862134698	17755
3465	195.23908041367554	17760
3466	195.25711368644846	17765
3467	195.2888638738424	17770
3468	195.30268729468045	17775
3469	195.28957172912283	17780
3470	195.29939623413628	17785
3471	195.32139878922544	17790
3472	195.3371735465168	17795
3473	195.42679882525687	17800
3474	195.3463304535876	17805
3475	195.33755135909348	17810
3476	195.33868009938058	17815
3477	195.28967586294712	17820
3478	195.24844304670276	17825
3479	195.20994306737512	17830
3480	195.19889395096524	17835
3481	195.2106858392442	17840
3482	195.17381544028964	17845
3483	195.11774795164064	17850
3484	195.07760757863298	17855
3485	195.03424889903073	17860
3486	195.04288464606637	17865
3487	194.97432030947067	17870
3488	194.89346483487205	17875
3489	194.8932110327054	17880
3490	194.85333395928242	17885
3491	194.82140641798196	17890
3492	194.79263000106457	17895
3493	194.7382714127375	17900
3494	194.67206315533235	17905
3495	194.65212476081035	17910
3496	194.61484192209534	17915
3497	194.57994573686068	17920
3498	194.64997810879183	17925
3499	194.67436162702185	17930
3500	194.63810536716218	17935
3501	194.7283606650552	17940
3502	194.78742892317638	17945
3503	194.78695334686643	17950
3504	194.81759854480177	17955
3505	194.88490889116792	17960
3506	194.95789632661013	17965
3507	194.96748724263006	17970
3508	194.99538306123281	17975
3509	195.03827104307052	17980
3510	195.23133815734568	17985
3511	195.33712661418696	17990
3512	195.2954703636085	17995
3513	195.4903276917303	18000
3514	195.59252326611352	18005
3515	195.55822175158588	18010
3516	195.5811925978995	18015
3517	195.5988943118714	18020
3518	195.57896498376672	18025
3519	195.61274785944772	18030
3520	195.61664389747344	18035
3521	195.6368104729424	18040
3522	195.60358994197483	18045
3523	195.59967145695444	18050
3524	195.55881608940604	18055
3525	195.5939905726075	18060
3526	195.74848014990752	18065
3527	195.71958330348272	18070
3528	195.66904744061364	18075
3529	195.8223929265306	18080
3530	195.89671503789265	18085
3531	195.89439657925283	18090
3532	195.8944659466896	18095
3533	195.887368645786	18100
3534	195.85734477028774	18105
3535	195.80028426616607	18110
3536	195.78737583291365	18115
3537	195.77743495006723	18120
3538	195.69265642622025	18125
3539	195.59677668168578	18130
3540	195.5901264614722	18135
3541	195.67096001387742	18140
3542	195.74317644397817	18145
3543	195.73773011938306	18150
3544	195.74908316200526	18155
3545	195.8420470470232	18160
3546	195.8852228115149	18165
3547	195.84062943991873	18170
3548	195.83548665125275	18175
3549	195.83801300590684	18180
3550	195.8365628599285	18185
3551	195.8413999793956	18190
3552	195.86104117285475	18195
3553	195.89530493271317	18200
3554	195.95349665876338	18205
3555	195.95448309243167	18210
3556	195.99444077849938	18215
3557	196.0849256627219	18220
3558	195.9896054671806	18225
3559	196.11903234725304	18230
3560	196.22994195989244	18235
3561	196.2740045619491	18240
3562	196.33353347811746	18245
3563	196.40275418707225	18250
3564	196.40572723968887	18255
3565	196.38519987190128	18260
3566	196.2856393744291	18265
3567	196.28817079784312	18270
3568	196.31450861573305	18275
3569	196.22856097304708	18280
3570	196.18505010326427	18285
3571	196.1904985917394	18290
3572	196.1937490245432	18295
3573	196.2091320946417	18300
3574	196.16672673876175	18305
3575	196.08613259251752	18310
3576	196.0663801506037	18315
3577	196.0538971573679	18320
3578	195.98902992544288	18325
3579	195.91754389051056	18330
3580	195.8309664805575	18335
3581	195.7261768230192	18340
3582	195.75445647029292	18345
3583	195.7647240597685	18350
3584	195.6559668472143	18355
3585	195.56568798397996	18360
3586	195.5156752807543	18365
3587	195.5350903571266	18370
3588	195.49810615385437	18375
3589	195.57957093683245	18380
3590	195.50490113247298	18385
3591	195.55889296900492	18390
3592	195.61626461966563	18395
3593	195.6059760991253	18400
3594	195.65325045014876	18405
3595	195.73721048293933	18410
3596	195.74032534883864	18415
3597	195.78552031280347	18420
3598	195.8731921845154	18425
3599	195.91074298280424	18430
3600	195.92837426136865	18435
3601	195.92012292948664	18440
3602	195.97623732350803	18445
3603	195.99127868028796	18450
3604	196.03720308611796	18455
3605	196.1020144388636	18460
3606	196.09734571551894	18465
3607	196.09495820170685	18470
3608	196.0870962848882	18475
3609	196.09132713380305	18480
3610	196.09475380725544	18485
3611	196.09919809346545	18490
3612	196.0752345140205	18495
3613	196.0386250020737	18500
3614	196.03813301572708	18505
3615	196.03736007689037	18510
3616	196.05381559911118	18515
3617	196.12407654762362	18520
3618	196.1799055028602	18525
3619	196.11418162880076	18530
3620	196.19787420345088	18535
3621	196.25874726871618	18540
3622	196.30748529969986	18545
3623	196.30428027581146	18550
3624	196.29458821402335	18555
3625	196.3760179849617	18560
3626	196.49403526297667	18565
3627	196.46388960213773	18570
3628	196.42595501150825	18575
3629	196.52757646194476	18580
3630	196.5259187350673	18585
3631	196.55276795482595	18590
3632	196.69989613155363	18595
3633	196.6580763582966	18600
3634	196.72702429098723	18605
3635	196.80350023142518	18610
3636	196.84139238550603	18615
3637	196.88241761556944	18620
3638	196.92712082808598	18625
3639	196.93614609754812	18630
3640	197.01613160950535	18635
3641	197.07786960802915	18640
3642	197.12891530169492	18645
3643	197.25613144442636	18650
3644	197.34223272365017	18655
3645	197.41865649190592	18660
3646	197.423521418677	18665
3647	197.45068762016874	18670
3648	197.4496008691404	18675
3649	197.4871190767829	18680
3650	197.49191352873697	18685
3651	197.6541626712431	18690
3652	197.68149936388104	18695
3653	197.5999963105143	18700
3654	197.66612941672625	18705
3655	197.6953053816956	18710
3656	197.71481673145877	18715
3657	197.80005185895237	18720
3658	197.79329466319098	18725
3659	197.84189712790237	18730
3660	197.9833944000158	18735
3661	198.14679153913448	18740
3662	198.19483900637562	18745
3663	198.2101577596588	18750
3664	198.31060533840198	18755
3665	198.42962816077022	18760
3666	198.51829264680643	18765
3667	198.52203674081332	18770
3668	198.5441972581539	18775
3669	198.62818902297113	18780
3670	198.76890595110083	18785
3671	198.88773703020232	18790
3672	198.89568982889654	18795
3673	198.92157838334057	18800
3674	199.01993298526207	18805
3675	199.05894446487392	18810
3676	199.10265699188366	18815
3677	199.11946450296975	18820
3678	199.1762260604321	18825
3679	199.14539251113442	18830
3680	199.14646548614402	18835
3681	199.13401304646422	18840
3682	199.0946648141808	18845
3683	199.11175778988837	18850
3684	199.10270744008506	18855
3685	199.11740138029825	18860
3686	199.1596180851737	18865
3687	199.11825975517698	18870
3688	199.098776225821	18875
3689	199.0905818634301	18880
3690	199.06980309454255	18885
3691	199.03451637843966	18890
3692	199.03508609004191	18895
3693	199.01062689914062	18900
3694	198.9868244028437	18905
3695	198.9987172492501	18910
3696	198.9575929068381	18915
3697	198.88623191409837	18920
3698	198.87649329348218	18925
3699	198.83936696564345	18930
3700	198.783800702521	18935
3701	198.7423615720558	18940
3702	198.6886462619111	18945
3703	198.67939286180174	18950
3704	198.6002930636626	18955
3705	198.6050333317491	18960
3706	198.5590962745224	18965
3707	198.48408990573006	18970
3708	198.48480534090655	18975
3709	198.42007442584338	18980
3710	198.39623708182674	18985
3711	198.3696575475498	18990
3712	198.31558215989048	18995
3713	198.29481954806087	19000
3714	198.30593225907978	19005
3715	198.28059553172386	19010
3716	198.25693485395058	19015
3717	198.33162162789208	19020
3718	198.4013680040437	19025
3719	198.39208273603518	19030
3720	198.3969562383181	19035
3721	198.51642380094646	19040
3722	198.48569002914655	19045
3723	198.5026931712011	19050
3724	198.5081067507089	19055
3725	198.48599326840244	19060
3726	198.57424911685274	19065
3727	198.61699012480508	19070
3728	198.61664883129598	19075
3729	198.65807276275982	19080
3730	198.70220463923002	19085
3731	198.7223203802999	19090
3732	198.67710831389908	19095
3733	198.7223603654033	19100
3734	198.78534888813968	19105
3735	198.71991724377938	19110
3736	198.79607332147316	19115
3737	198.87554600740992	19120
3738	198.89716643523707	19125
3739	198.91944229305514	19130
3740	198.89928474526093	19135
3741	198.901936741678	19140
3742	198.86808814774815	19145
3743	198.8616516349573	19150
3744	198.90904540534672	19155
3745	198.899109696242	19160
3746	198.90140916216097	19165
3747	198.9014714678498	19170
3748	198.90015107993275	19175
3749	198.90198322826694	19180
3750	198.94795390601095	19185
3751	198.95858006032583	19190
3752	199.09279835253258	19195
3753	199.0916078356867	19200
3754	199.06200594687712	19205
3755	199.210143440415	19210
3756	199.29015310747238	19215
3757	199.30237045160672	19220
3758	199.3922124250882	19225
3759	199.48754756381106	19230
3760	199.53597876525114	19235
3761	199.51435291971958	19240
3762	199.49241117297166	19245
3763	199.56030181489302	19250
3764	199.6840027233421	19255
3765	199.54456227497116	19260
3766	199.64692054249554	19265
3767	199.67141935040016	19270
3768	199.74120341515382	19275
3769	199.7385802820613	19280
3770	199.7349993986243	19285
3771	199.78767329962346	19290
3772	199.85541178679415	19295
3773	199.95092240473244	19300
3774	199.9661055835468	19305
3775	199.92337648812705	19310
3776	199.99649491319363	19315
3777	200.0959309139194	19320
3778	200.1607614700688	19325
3779	200.1138115175136	19330
3780	200.16262987501514	19335
3781	200.2167578175603	19340
3782	200.29662618359353	19345
3783	200.3860348742768	19350
3784	200.34308497639736	19355
3785	200.36051149594135	19360
3786	200.4717993290326	19365
3787	200.53863017026066	19370
3788	200.54655661978677	19375
3789	200.5579620547222	19380
3790	200.6484772773425	19385
3791	200.6974249442342	19390
3792	200.69680461225406	19395
3793	200.7337004405286	19400
3794	200.74337505687444	19405
3795	200.74280883416424	19410
3796	200.74040880943488	19415
3797	200.69331419125575	19420
3798	200.7051432769082	19425
3799	200.69925080307763	19430
3800	200.65166904021268	19435
3801	200.63564386803912	19440
3802	200.63889602333833	19445
3803	200.63830913391078	19450
3804	200.63759289943087	19455
3805	200.64007296997343	19460
3806	200.6342744638502	19465
3807	200.5897282472942	19470
3808	200.5996650091482	19475
3809	200.59990685751544	19480
3810	200.60865515430473	19485
3811	200.60353936126995	19490
3812	200.59527190314208	19495
3813	200.62495235339054	19500
3814	200.6419760709937	19505
3815	200.63630767311923	19510
3816	200.64093814887033	19515
3817	200.6048254378377	19520
3818	200.55878194644873	19525
3819	200.5707075221739	19530
3820	200.53538613739534	19535
3821	200.46895366726875	19540
3822	200.38983133631245	19545
3823	200.39778553101095	19550
3824	200.41081967208854	19555
3825	200.4098726165647	19560
3826	200.55891121524664	19565
3827	200.56895280213698	19570
3828	200.5887430604927	19575
3829	200.69507803918572	19580
3830	200.76043300416433	19585
3831	200.81904301197386	19590
3832	200.8896852935035	19595
3833	200.95173547616	19600
3834	201.0415299960997	19605
3835	201.1164314582384	19610
3836	201.076159916006	19615
3837	201.11310159211942	19620
3838	201.22023660927752	19625
3839	201.2891625695623	19630
3840	201.33157928444052	19635
3841	201.3897680877427	19640
3842	201.39951656385196	19645
3843	201.38965928068285	19650
3844	201.39381944557448	19655
3845	201.35973447668277	19660
3846	201.3633402084943	19665
3847	201.4178670668623	19670
3848	201.39591787870825	19675
3849	201.3959084472896	19680
3850	201.4578614121391	19685
3851	201.5752714295005	19690
3852	201.64264858810984	19695
3853	201.55711330221004	19700
3854	201.64359873574418	19705
3855	201.7186766601173	19710
3856	201.8088736219336	19715
3857	201.85959672424613	19720
3858	201.82974315144753	19725
3859	201.87067624652678	19730
3860	201.97511959155258	19735
3861	202.00098129147352	19740
3862	202.02177039117495	19745
3863	202.11124332600173	19750
3864	202.1272129531908	19755
3865	202.14960430941653	19760
3866	202.2309737962135	19765
3867	202.2739260215633	19770
3868	202.37504118696071	19775
3869	202.47731763787704	19780
3870	202.5720857825959	19785
3871	202.6759465599149	19790
3872	202.7441422086116	19795
3873	202.7976686116649	19800
3874	202.80434701726793	19805
3875	202.7900641295847	19810
3876	202.8233880919041	19815
3877	202.87091482116978	19820
3878	202.990527456157	19825
3879	203.05852768223798	19830
3880	202.97685859611357	19835
3881	203.1102363212575	19840
3882	203.26451113111924	19845
3883	203.38994311367526	19850
3884	203.44332901310833	19855
3885	203.56925997935176	19860
3886	203.75729393378083	19865
3887	203.89641407420294	19870
3888	203.94249718240113	19875
3889	203.94024814998707	19880
3890	203.96323508537793	19885
3891	203.99184003478038	19890
3892	204.0041772957877	19895
3893	203.98368378613318	19900
3894	203.87391396096243	19905
3895	203.9593447927404	19910
3896	203.87757855000075	19915
3897	203.74362147539716	19920
3898	203.7120035626399	19925
3899	203.69573077924855	19930
3900	203.6487789075942	19935
3901	203.63188056403465	19940
3902	203.63598496536852	19945
3903	203.63632344968883	19950
3904	203.6297378143149	19955
3905	203.58914175649252	19960
3906	203.5415831010547	19965
3907	203.4678762996038	19970
3908	203.3599866113578	19975
3909	203.45495589816477	19980
3910	203.4411128513523	19985
3911	203.60247680624448	19990
3912	203.63002387003522	19995
3913	203.83449079435692	20000
3914	204.06484897111	20005
3915	204.07847287350444	20010
3916	204.1345133333996	20015
3917	204.26568080743343	20020
3918	204.3490764114563	20025
3919	204.4469253929092	20030
3920	204.5502957511782	20035
3921	204.63788088088046	20040
3922	204.78024257596846	20045
3923	204.94613190617548	20050
3924	204.92355146607474	20055
3925	205.05841198409442	20060
3926	205.09624235922752	20065
3927	205.22907406968486	20070
3928	205.34926287947607	20075
3929	205.30935148527826	20080
3930	205.28937115167017	20085
3931	205.27833224433485	20090
3932	205.22964802511524	20095
3933	205.29865706184898	20100
3934	205.39039444890963	20105
3935	205.33952919434	20110
3936	205.37551223247624	20115
3937	205.51342878399916	20120
3938	205.49540890433644	20125
3939	205.4953521246635	20130
3940	205.5321268319426	20135
3941	205.53525820473524	20140
3942	205.54163204676897	20145
3943	205.55194506507303	20150
3944	205.60890730319588	20155
3945	205.66787417690716	20160
3946	205.64736471230023	20165
3947	205.67125911921636	20170
3948	205.78149152553883	20175
3949	205.82481048625758	20180
3950	205.83967193966845	20185
3951	205.89303656019948	20190
3952	205.90850517078977	20195
3953	205.93560939794412	20200
3954	205.9359265908261	20205
3955	205.93566865079487	20210
3956	205.929634499345	20215
3957	205.9102785988899	20220
3958	205.91130921262848	20225
3959	205.92132266338882	20230
3960	205.89937581487033	20235
3961	205.89294589062553	20240
3962	205.91023728791367	20245
3963	205.8602984739738	20250
3964	205.81498163113375	20255
3965	205.8797930709272	20260
3966	205.882930231574	20265
3967	205.85114438220825	20270
3968	205.9859652433304	20275
3969	206.15324399749326	20280
3970	206.06016146404554	20285
3971	206.1445682542119	20290
3972	206.30232070183374	20295
3973	206.3325227517166	20300
3974	206.33452880811654	20305
3975	206.39184359384086	20310
3976	206.48523540239657	20315
3977	206.5093220711	20320
3978	206.5840891824031	20325
3979	206.7247415993359	20330
3980	206.6469213191223	20335
3981	206.78292750258757	20340
3982	206.7655707312483	20345
3983	206.71097179193615	20350
3984	206.6925200529696	20355
3985	206.64976002388798	20360
3986	206.556211323441	20365
3987	206.53104264927197	20370
3988	206.53879925948962	20375
3989	206.53636788404998	20380
3990	206.53709157446352	20385
3991	206.53689253511862	20390
3992	206.53692299002105	20395
3993	206.53683620756502	20400
3994	206.5212195970265	20405
3995	206.48667785446816	20410
3996	206.4900696641639	20415
3997	206.508117073968	20420
3998	206.50033621061016	20425
3999	206.49471690830725	20430
4000	206.53702037522453	20435
4001	206.55718640806072	20440
4002	206.60236274853762	20445
4003	206.59543793297556	20450
4004	206.63808407022339	20455
4005	206.6112856588548	20460
4006	206.52010912559447	20465
4007	206.52265909302184	20470
4008	206.50489662014712	20475
4009	206.58326889127179	20480
4010	206.5165936397	20485
4011	206.58581253268466	20490
4012	206.64830338960994	20495
4013	206.69558826024394	20500
4014	206.70126412453624	20505
4015	206.69606590440836	20510
4016	206.71825338722314	20515
4017	206.7362712138691	20520
4018	206.73697096955956	20525
4019	206.73937569068835	20530
4020	206.7288639380701	20535
4021	206.69811883424518	20540
4022	206.69443033483157	20545
4023	206.70592605097008	20550
4024	206.66520732703194	20555
4025	206.64160217017633	20560
4026	206.642077045622	20565
4027	206.617036194052	20570
4028	206.58431303877626	20575
4029	206.61055616385744	20580
4030	206.5832442965546	20585
4031	206.54209030989796	20590
4032	206.5361226635995	20595
4033	206.53585638499726	20600
4034	206.54166650534762	20605
4035	206.51914100912472	20610
4036	206.4896960824164	20615
4037	206.50986206019414	20620
4038	206.48138119229165	20625
4039	206.43938968378794	20630
4040	206.4417411676175	20635
4041	206.4509463274269	20640
4042	206.45656939581212	20645
4043	206.51368101620434	20650
4044	206.56340737066603	20655
4045	206.5529574018423	20660
4046	206.60181365041925	20665
4047	206.68772607804587	20670
4048	206.77805452147828	20675
4049	206.86489058015155	20680
4050	207.00822808274913	20685
4051	207.11437521398307	20690
4052	207.0746278283552	20695
4053	207.232922207783	20700
4054	207.26972643820005	20705
4055	207.19655384997094	20710
4056	207.12662980332092	20715
4057	207.03919247573123	20720
4058	207.064328300825	20725
4059	207.11827550225576	20730
4060	207.0920584585233	20735
4061	207.09605825830306	20740
4062	207.14139694164996	20745
4063	207.1679202463769	20750
4064	207.15228817152297	20755
4065	207.1086639775464	20760
4066	207.10040990311836	20765
4067	207.0977815007357	20770
4068	207.06736658318465	20775
4069	207.03279836785416	20780
4070	207.0330150631259	20785
4071	207.03346633479845	20790
4072	207.03304206199985	20795
4073	207.0379203154664	20800
4074	207.07012941679955	20805
4075	207.1349207963923	20810
4076	207.13442266480698	20815
4077	207.19021966045045	20820
4078	207.2392157710547	20825
4079	207.29616168390515	20830
4080	207.3850912966198	20835
4081	207.33471125924618	20840
4082	207.4698710431553	20845
4083	207.4453836238712	20850
4084	207.5199024410456	20855
4085	207.4743049734171	20860
4086	207.5240499611902	20865
4087	207.61596650132853	20870
4088	207.687411939635	20875
4089	207.71971227685054	20880
4090	207.76542242627195	20885
4091	207.9069393863007	20890
4092	207.9967416641412	20895
4093	208.01561479117257	20900
4094	208.17133601099377	20905
4095	208.3306837477166	20910
4096	208.32054290270685	20915
4097	208.35694336592607	20920
4098	208.4188276292386	20925
4099	208.4452241212047	20930
4100	208.46960454251388	20935
4101	208.52336498254417	20940
4102	208.54429661912008	20945
4103	208.52849516327646	20950
4104	208.5665999936964	20955
4105	208.60026391722482	20960
4106	208.59694915652298	20965
4107	208.6027842542639	20970
4108	208.60924489629508	20975
4109	208.64822345746524	20980
4110	208.70762848318034	20985
4111	208.6937278650864	20990
4112	208.7031971161891	20995
4113	208.6940528634361	21000
4114	208.74683197444722	21005
4115	208.79363027499	21010
4116	208.81991378119668	21015
4117	208.79212153856145	21020
4118	208.82561712682661	21025
4119	208.90111812421003	21030
4120	208.90143221283108	21035
4121	208.91566526423043	21040
4122	208.93518785035795	21045
4123	208.8734912300783	21050
4124	208.84644610550134	21055
4125	208.84030721933615	21060
4126	208.79716608247392	21065
4127	208.80892950672117	21070
4128	208.79956749977435	21075
4129	208.79668929229797	21080
4130	208.83240246339147	21085
4131	208.83830707636204	21090
4132	208.84303076066377	21095
4133	208.85412736947177	21100
4134	208.89736376233603	21105
4135	208.90418731816408	21110
4136	208.88181078454235	21115
4137	208.93175578453764	21120
4138	209.0089355510642	21125
4139	209.0252583617299	21130
4140	209.02433579413125	21135
4141	209.07773835992097	21140
4142	209.08568797665214	21145
4143	209.15898090312885	21150
4144	209.14054210545018	21155
4145	209.0942573418795	21160
4146	209.05889345431544	21165
4147	209.06850281604048	21170
4148	209.02684169971081	21175
4149	208.95143276613922	21180
4150	208.89868602454592	21185
4151	208.8916980619467	21190
4152	208.89769504606429	21195
4153	208.85529952089735	21200
4154	208.8358687769968	21205
4155	208.83749704349927	21210
4156	208.83717402872276	21215
4157	208.83718096699548	21220
4158	208.83770498894503	21225
4159	208.82332443146623	21230
4160	208.79162881580228	21235
4161	208.8050927915957	21240
4162	208.78873653090156	21245
4163	208.7498534192677	21250
4164	208.7400999005768	21255
4165	208.7422477769591	21260
4166	208.74165907341208	21265
4167	208.74177867617783	21270
4168	208.74185491374948	21275
4169	208.74156741066622	21280
4170	208.74218133114042	21285
4171	208.751475171593	21290
4172	208.76317029261497	21295
4173	208.77529159550542	21300
4174	208.78773017508146	21305
4175	208.80037712616027	21310
4176	208.81312354355896	21315
4177	208.82586052209462	21320
4178	208.83847915658444	21325
4179	208.85087054184555	21330
4180	208.86292577269506	21335
4181	208.87453594395015	21340
4182	208.8855921504279	21345
4183	208.89598548694548	21350
4184	208.90560704831995	21355
4185	208.91434792936857	21360
4186	208.9220992249084	21365
4187	208.92875202975657	21370
4188	208.93419743873025	21375
4189	208.93832654664652	21380
4190	208.94103044832255	21385
4191	208.9422002385755	21390
4192	208.94196551181338	21395
4193	208.94435767725668	21400
4194	208.96392947366607	21405
4195	208.9868268451707	21410
4196	209.01035623009116	21415
4197	209.04255491111422	21420
4198	209.10715041793955	21425
4199	209.2076601126909	21430
4200	209.15380096976568	21435
4201	209.34626742370295	21440
4202	209.30847710083611	21445
4203	209.25131728649393	21450
4204	209.2267745127988	21455
4205	209.14152396016462	21460
4206	209.14946886510583	21465
4207	209.20357357470752	21470
4208	209.18084081999663	21475
4209	209.21937652263514	21480
4210	209.3197003663331	21485
4211	209.33413942766754	21490
4212	209.33347833852355	21495
4213	209.33343278615502	21500
4214	209.33378302019108	21505
4215	209.34291722599278	21510
4216	209.3676735097618	21515
4217	209.4288629593269	21520
4218	209.46743426673754	21525
4219	209.45646231982147	21530
4220	209.54246965271093	21535
4221	209.59196286668978	21540
4222	209.5059052141368	21545
4223	209.47126288259784	21550
4224	209.47282552857587	21555
4225	209.41513100661587	21560
4226	209.39651984355612	21565
4227	209.37776152564132	21570
4228	209.36106749759313	21575
4229	209.35231067623934	21580
4230	209.33447166073853	21585
4231	209.31649062305468	21590
4232	209.29919978419983	21595
4233	209.2795383545648	21600
4234	209.2724222900297	21605
4235	209.24464538090652	21610
4236	209.26064266291638	21615
4237	209.39643003541056	21620
4238	209.41890747990044	21625
4239	209.35535373181233	21630
4240	209.50494869728513	21635
4241	209.65547631280705	21640
4242	209.67103447081212	21645
4243	209.74097847021417	21650
4244	209.84826610734467	21655
4245	209.93109388447925	21660
4246	209.9400866470506	21665
4247	209.89429076268686	21670
4248	209.89058441546237	21675
4249	209.9000059375023	21680
4250	209.84046079094094	21685
4251	209.8018311654942	21690
4252	209.79006442634395	21695
4253	209.79512517371347	21700
4254	209.84082890437588	21705
4255	209.84944858167418	21710
4256	209.8796608194029	21715
4257	209.94839645497993	21720
4258	209.9752873963436	21725
4259	210.08342986906217	21730
4260	210.15682306894854	21735
4261	210.2269347614357	21740
4262	210.29603884252634	21745
4263	210.39052363109823	21750
4264	210.51793801348944	21755
4265	210.61220515959718	21760
4266	210.6721894371917	21765
4267	210.7358147765401	21770
4268	210.72699412053058	21775
4269	210.7980720859884	21780
4270	210.78534463261013	21785
4271	210.8104362225548	21790
4272	210.79736826164304	21795
4273	210.79736977811388	21800
4274	210.83068316449786	21805
4275	210.84285312396295	21810
4276	210.86838054619824	21815
4277	210.9168001381053	21820
4278	210.91205918892936	21825
4279	210.91183816757038	21830
4280	210.96679301394357	21835
4281	210.99078309527616	21840
4282	211.0072615014482	21845
4283	211.02183456121662	21850
4284	211.03093872931422	21855
4285	211.0801108772665	21860
4286	211.11592830494618	21865
4287	211.1254806982363	21870
4288	211.20564546408133	21875
4289	211.22036566242028	21880
4290	211.2643759627332	21885
4291	211.29784513850112	21890
4292	211.29565759887856	21895
4293	211.3210980639129	21900
4294	211.36127067570212	21905
4295	211.38893981297662	21910
4296	211.39374264603694	21915
4297	211.43438264776162	21920
4298	211.45118468848236	21925
4299	211.5092565915411	21930
4300	211.50386944508952	21935
4301	211.489555535327	21940
4302	211.52757118795827	21945
4303	211.53904607006243	21950
4304	211.53525735006914	21955
4305	211.53640632460142	21960
4306	211.53633332174007	21965
4307	211.53541150565192	21970
4308	211.53869837801997	21975
4309	211.52884646834653	21980
4310	211.57306678774475	21985
4311	211.69970625198823	21990
4312	211.64438586049445	21995
4313	211.64090909090908	22000
4314	211.76388489686695	22005
4315	211.8138124773838	22010
4316	211.82699054197695	22015
4317	211.86411538637591	22020
4318	211.90388894811167	22025
4319	211.99567667026744	22030
4320	212.07609220882952	22035
4321	212.14124616028565	22040
4322	212.23573979820645	22045
4323	212.3057281554263	22050
4324	212.3807821449907	22055
4325	212.45713798925942	22060
4326	212.43189633634435	22065
4327	212.40839332420458	22070
4328	212.39112127948178	22075
4329	212.41518320740659	22080
4330	212.41296995253214	22085
4331	212.39774108647353	22090
4332	212.42698872514373	22095
4333	212.46962881079583	22100
4334	212.51352413200735	22105
4335	212.50775860387705	22110
4336	212.51477259542332	22115
4337	212.58725773317403	22120
4338	212.61143862266042	22125
4339	212.63923599581648	22130
4340	212.69839853257088	22135
4341	212.6797312099753	22140
4342	212.72185683314297	22145
4343	212.74510181997653	22150
4344	212.80273392667974	22155
4345	212.8083493771435	22160
4346	212.78913199905892	22165
4347	212.82076803101896	22170
4348	212.84038795903075	22175
4349	212.83638473780485	22180
4350	212.8339850310043	22185
4351	212.868829229111	22190
4352	212.91913844524262	22195
4353	212.89065953349075	22200
4354	212.88207713102858	22205
4355	212.90764103061073	22210
4356	212.91505265593784	22215
4357	212.9159206507189	22220
4358	212.904755991493	22225
4359	212.93493957823884	22230
4360	212.9351625277778	22235
4361	212.89267428988984	22240
4362	212.87710599381785	22245
4363	212.88041952156735	22250
4364	212.8837784759262	22255
4365	212.91172864284252	22260
4366	212.91490352339295	22265
4367	212.87521468800944	22270
4368	212.88232302674416	22275
4369	212.89985452534802	22280
4370	212.91492007487957	22285
4371	212.88842574973603	22290
4372	212.93487853047614	22295
4373	212.9548066053103	22300
4374	212.998038973026	22305
4375	213.0687197622919	22310
4376	213.03092098633763	22315
4377	213.04156526604808	22320
4378	213.11735166846793	22325
4379	213.16599867403798	22330
4380	213.191363792091	22335
4381	213.18261065494661	22340
4382	213.19746558098285	22345
4383	213.1499174684845	22350
4384	213.1485168263002	22355
4385	213.03940220392406	22360
4386	213.06274192824804	22365
4387	213.00594729430932	22370
4388	212.98907695510798	22375
4389	212.99516708676472	22380
4390	212.9933257845154	22385
4391	212.98894427469025	22390
4392	212.92289666391218	22395
4393	212.87682543217252	22400
4394	212.90617493447064	22405
4395	212.88267962444212	22410
4396	212.8319351474718	22415
4397	212.8368732622431	22420
4398	212.84744823875724	22425
4399	212.90550524902636	22430
4400	212.90190787152514	22435
4401	212.85554700709093	22440
4402	212.87878935402938	22445
4403	212.83563197084717	22450
4404	212.7727868757859	22455
4405	212.70181930403962	22460
4406	212.68925533522756	22465
4407	212.67029891012194	22470
4408	212.6028463542351	22475
4409	212.60289232274937	22480
4410	212.59691946170508	22485
4411	212.59723301584376	22490
4412	212.62532452847003	22495
4413	212.566	22500
4414	212.57425709702554	22505
4415	212.5474462663746	22510
4416	212.48866271022882	22515
4417	212.39836690150955	22520
4418	212.3892808118894	22525
4419	212.3594069940435	22530
4420	212.3149435371466	22535
4421	212.30968798542867	22540
4422	212.2539306841078	22545
4423	212.1896521087799	22550
4424	212.1892305718236	22555
4425	212.16969972530825	22560
4426	212.10942273240073	22565
4427	211.97977923323057	22570
4428	211.9731436395785	22575
4429	211.91406840832414	22580
4430	211.8353011578081	22585
4431	211.80163537344006	22590
4432	211.79339828638393	22595
4433	211.8184114294323	22600
4434	211.80837206645913	22605
4435	211.81337154425154	22610
4436	211.8503591057156	22615
4437	211.82921879776873	22620
4438	211.7887146158413	22625
4439	211.78439069408813	22630
4440	211.7950222392985	22635
4441	211.74400234199342	22640
4442	211.72871653262948	22645
4443	211.69729544636076	22650
4444	211.68382219054917	22655
4445	211.7656710757475	22660
4446	211.71497628660822	22665
4447	211.76449192987494	22670
4448	211.80443119860158	22675
4449	211.77534267081745	22680
4450	211.82999948810283	22685
4451	211.84971744880406	22690
4452	211.83242305501057	22695
4453	211.9108888891957	22700
4454	211.97120241797484	22705
4455	212.02941679461026	22710
4456	212.11125800693517	22715
4457	212.17937724672507	22720
4458	212.1927118824976	22725
4459	212.27878044646758	22730
4460	212.3681317569019	22735
4461	212.44963618127275	22740
4462	212.54833957016203	22745
4463	212.56931722300598	22750
4464	212.56878670852856	22755
4465	212.64271904165065	22760
4466	212.7724380276736	22765
4467	212.91211071948806	22770
4468	212.98075479688364	22775
4469	213.09099688143164	22780
4470	213.2042831506198	22785
4471	213.30304236679805	22790
4472	213.3488965078622	22795
4473	213.36723408094298	22800
4474	213.4397303457295	22805
4475	213.45517320768076	22810
4476	213.45185176955	22815
4477	213.5225632841762	22820
4478	213.59941771645296	22825
4479	213.63502867876792	22830
4480	213.66892238559404	22835
4481	213.6963228616142	22840
4482	213.70053478070778	22845
4483	213.72412001096336	22850
4484	213.78891928244153	22855
4485	213.7802341980165	22860
4486	213.76845116389384	22865
4487	213.8005017059164	22870
4488	213.80183895412551	22875
4489	213.78090040206834	22880
4490	213.74280309706157	22885
4491	213.71294507027613	22890
4492	213.6799957618897	22895
4493	213.6475703277371	22900
4494	213.6554653472664	22905
4495	213.71515041016798	22910
4496	213.75747898515166	22915
4497	213.70726498633357	22920
4498	213.74719476252596	22925
4499	213.7873961591693	22930
4500	213.78228875651888	22935
4501	213.74042691460335	22940
4502	213.7335574760669	22945
4503	213.73604207250978	22950
4504	213.73559455786238	22955
4505	213.73572149093548	22960
4506	213.76794839327272	22965
4507	213.81208706141248	22970
4508	213.80345655528055	22975
4509	213.79336642437448	22980
4510	213.84319198244046	22985
4511	213.87820081926384	22990
4512	213.89437975644358	22995
4513	213.9361818181818	23000
4514	213.9795309186958	23005
4515	213.96094463717031	23010
4516	214.02044394555224	23015
4517	214.09589367013714	23020
4518	214.13219209193963	23025
4519	214.14060351546576	23030
4520	214.1941197044033	23035
4521	214.2499587037446	23040
4522	214.29405308686827	23045
4523	214.44199859275867	23050
4524	214.52936118500077	23055
4525	214.452233677015	23060
4526	214.59110267195993	23065
4527	214.73174301730063	23070
4528	214.73860553746164	23075
4529	214.78403343459186	23080
4530	214.82797540273248	23085
4531	214.86603305460656	23090
4532	214.91994034130332	23095
4533	215.01432341023266	23100
4534	215.08151177292552	23105
4535	215.08682960485734	23110
4536	215.12438600126075	23115
4537	215.233684455217	23120
4538	215.32211946632864	23125
4539	215.35765129937883	23130
4540	215.39653615108307	23135
4541	215.41215843833723	23140
4542	215.4531859030445	23145
4543	215.49509044169756	23150
4544	215.5442408460526	23155
4545	215.71875468762858	23160
4546	215.69173507502785	23165
4547	215.69251085363305	23170
4548	215.820540832347	23175
4549	215.94128461246572	23180
4550	215.9791658227675	23185
4551	215.9998598098711	23190
4552	216.08781261596494	23195
4553	216.13439766491956	23200
4554	216.19160126062258	23205
4555	216.28806687434738	23210
4556	216.301504965143	23215
4557	216.28273538054117	23220
4558	216.32218328596696	23225
4559	216.32402818458067	23230
4560	216.3018753511953	23235
4561	216.26880961738163	23240
4562	216.29021323189863	23245
4563	216.31277977358428	23250
4564	216.2908435750374	23255
4565	216.30893123938327	23260
4566	216.35378697093935	23265
4567	216.38195102454577	23270
4568	216.4134156086541	23275
4569	216.40010366963128	23280
4570	216.44955715386178	23285
4571	216.39060768549837	23290
4572	216.40625984111554	23295
4573	216.36532319126525	23300
4574	216.4150098984571	23305
4575	216.47184083937105	23310
4576	216.43527069491174	23315
4577	216.44732734338666	23320
4578	216.50598687522282	23325
4579	216.45412543477119	23330
4580	216.37921713255875	23335
4581	216.40383977432347	23340
4582	216.38821340747867	23345
4583	216.33308895379412	23350
4584	216.33646394736866	23355
4585	216.34401232461335	23360
4586	216.3888970735479	23365
4587	216.4550630547718	23370
4588	216.42980300571514	23375
4589	216.45172675004142	23380
4590	216.52214844589412	23385
4591	216.6382966600956	23390
4592	216.6604058312128	23395
4593	216.6728163815295	23400
4594	216.72492802399202	23405
4595	216.68357084494002	23410
4596	216.68704280025636	23415
4597	216.6406754993471	23420
4598	216.67870250972882	23425
4599	216.69405629610472	23430
4600	216.68591775650123	23435
4601	216.6849057877644	23440
4602	216.6816347171447	23445
4603	216.6504239022321	23450
4604	216.63905763968071	23455
4605	216.64243697850043	23460
4606	216.64139724053408	23465
4607	216.64235927220327	23470
4608	216.66193750099055	23475
4609	216.6910305129962	23480
4610	216.70880426262482	23485
4611	216.7157430143779	23490
4612	216.67598836585466	23495
4613	216.694	23500
4614	216.67541031613825	23505
4615	216.72478379546862	23510
4616	216.70763566102525	23515
4617	216.7229880618067	23520
4618	216.76676583697898	23525
4619	216.80505768274955	23530
4620	216.81788905142645	23535
4621	216.8215408974866	23540
4622	216.88851803753218	23545
4623	216.95582729329905	23550
4624	216.9456414056701	23555
4625	216.95953736531115	23560
4626	216.98450008444743	23565
4627	216.999382002709	23570
4628	216.9828324924701	23575
4629	216.98645792615213	23580
4630	217.0251896668722	23585
4631	216.9903778269646	23590
4632	216.99914219382902	23595
4633	216.99427401794856	23600
4634	216.94846885430138	23605
4635	216.9418221461882	23610
4636	216.9168499073106	23615
4637	216.88967203209654	23620
4638	216.9105361797819	23625
4639	216.8683572912361	23630
4640	216.8533482161878	23635
4641	216.8965084827295	23640
4642	216.9125586743648	23645
4643	216.89438309742096	23650
4644	216.92355073054543	23655
4645	216.93862043412173	23660
4646	216.9382313400273	23665
4647	216.93840670694038	23670
4648	216.93835043828744	23675
4649	216.93836728922932	23680
4650	216.93836334097608	23685
4651	216.93836142227175	23690
4652	216.9383709606665	23695
4653	216.93834370872642	23700
4654	216.93840974164831	23705
4655	216.938289935001	23710
4656	216.9383224582442	23715
4657	216.94624298314645	23720
4658	216.96019940472192	23725
4659	216.99395709954393	23730
4660	217.00346489165847	23735
4661	217.039111186346	23740
4662	217.08598236443245	23745
4663	217.09843463931995	23750
4664	217.1502805317192	23755
4665	217.30206436083108	23760
4666	217.3624063086773	23765
4667	217.3119171032508	23770
4668	217.42749785992925	23775
4669	217.49157367623818	23780
4670	217.50546776507846	23785
4671	217.47990136957958	23790
4672	217.48953218313596	23795
4673	217.4474083952628	23800
4674	217.41248947475984	23805
4675	217.40902174525016	23810
4676	217.41095992041983	23815
4677	217.43788794681635	23820
4678	217.42593560412146	23825
4679	217.40215880421746	23830
4680	217.40013026298297	23835
4681	217.37714966110678	23840
4682	217.4154856010909	23845
4683	217.4275921303254	23850
4684	217.4172874348764	23855
4685	217.38346036504808	23860
4686	217.40902000772812	23865
4687	217.37503963972225	23870
4688	217.34590609575528	23875
4689	217.31469557187938	23880
4690	217.29857977773455	23885
4691	217.28824779479055	23890
4692	217.30010349750356	23895
4693	217.3110255978179	23900
4694	217.29039840841563	23905
4695	217.30671426814024	23910
4696	217.34333742204728	23915
4697	217.33912200469734	23920
4698	217.33992205288385	23925
4699	217.33985106648507	23930
4700	217.33947399918048	23935
4701	217.34173678139774	23940
4702	217.3190076991749	23945
4703	217.31381495775435	23950
4704	217.35412894245974	23955
4705	217.395575659469	23960
4706	217.364952526908	23965
4707	217.37091271057088	23970
4708	217.45435991241456	23975
4709	217.49936725574545	23980
4710	217.5130175188549	23985
4711	217.49480456275887	23990
4712	217.49435317193695	23995
4713	217.5056363636364	24000
4714	217.52108830651233	24005
4715	217.54854465330817	24010
4716	217.53342549724903	24015
4717	217.55379590075393	24020
4718	217.5907516520682	24025
4719	217.62043808663302	24030
4720	217.66189159547162	24035
4721	217.73962184305825	24040
4722	217.77334402480375	24045
4723	217.74794537169382	24050
4724	217.7769213246781	24055
4725	217.80454277228182	24060
4726	217.8017367066103	24065
4727	217.80259509274288	24070
4728	217.81157880772815	24075
4729	217.793343961586	24080
4730	217.8220325466848	24085
4731	217.83926347728894	24090
4732	217.88245059253669	24095
4733	217.90287719307523	24100
4734	217.86090849457995	24105
4735	217.85477318327648	24110
4736	217.84707908601132	24115
4737	217.78315840715163	24120
4738	217.73626202308714	24125
4739	217.67718987948524	24130
4740	217.62208557535553	24135
4741	217.59260348767626	24140
4742	217.59334033750503	24145
4743	217.5679189960799	24150
4744	217.5904256167233	24155
4745	217.65173588661412	24160
4746	217.6107739945595	24165
4747	217.59889732550266	24170
4748	217.60841127139	24175
4749	217.57012708386483	24180
4750	217.5420968763332	24185
4751	217.54014443659477	24190
4752	217.5420196522158	24195
4753	217.53622502654133	24200
4754	217.50001027314235	24205
4755	217.48009546696645	24210
4756	217.49703890757738	24215
4757	217.44932626596295	24220
4758	217.41251258722505	24225
4759	217.40194848184987	24230
4760	217.39618699004498	24235
4761	217.3770098162596	24240
4762	217.34860348530412	24245
4763	217.33770217184176	24250
4764	217.3408317907433	24255
4765	217.3386303552144	24260
4766	217.3631524504008	24265
4767	217.43720344577014	24270
4768	217.46563523172605	24275
4769	217.40729394146163	24280
4770	217.43641908308868	24285
4771	217.47890354563526	24290
4772	217.4518175005391	24295
4773	217.41000092839593	24300
4774	217.43727939901436	24305
4775	217.4281643723415	24310
4776	217.38140556384403	24315
4777	217.38594501109498	24320
4778	217.37525371270615	24325
4779	217.31912283375294	24330
4780	217.28871882026107	24335
4781	217.2766422453742	24340
4782	217.2677616690088	24345
4783	217.25043206266648	24350
4784	217.2348429891114	24355
4785	217.23495322654728	24360
4786	217.23554671070698	24365
4787	217.22341665933985	24370
4788	217.18736590377225	24375
4789	217.19136412844946	24380
4790	217.16760949266506	24385
4791	217.17293020595173	24390
4792	217.25390591941436	24395
4793	217.31222850458357	24400
4794	217.32984129919848	24405
4795	217.4094684795883	24410
4796	217.58988427205963	24415
4797	217.75650391797478	24420
4798	217.8122295512799	24425
4799	217.83619450929146	24430
4800	217.90261889968716	24435
4801	217.90531936270568	24440
4802	217.87586621015856	24445
4803	218.01132082984583	24450
4804	218.15194417930368	24455
4805	218.05242124946804	24460
4806	218.07759224895173	24465
4807	218.17718677479346	24470
4808	218.1180721605598	24475
4809	218.1009151384584	24480
4810	218.0481511401258	24485
4811	217.97734929960737	24490
4812	217.94991889661978	24495
4813	217.96818181818185	24500
4814	218.06390484161724	24505
4815	218.15249380814157	24510
4816	218.08661690668717	24515
4817	218.15301345667257	24520
4818	218.16283876631772	24525
4819	218.17403827001365	24530
4820	218.12357455939662	24535
4821	218.04994626583124	24540
4822	218.02454564378954	24545
4823	217.9876170519503	24550
4824	218.01083567078572	24555
4825	217.99653094237004	24560
4826	218.05415698434564	24565
4827	218.10797968020543	24570
4828	218.09753412220851	24575
4829	218.1580520630441	24580
4830	218.11033489422314	24585
4831	218.10206193953022	24590
4832	218.1021668858788	24595
4833	218.06218580361372	24600
4834	218.03848143588246	24605
4835	218.0381686147036	24610
4836	218.03780407120345	24615
4837	218.0385138244645	24620
4838	218.03640265560307	24625
4839	218.0277655863012	24630
4840	218.0191420054798	24635
4841	218.00222661006714	24640
4842	217.98585166120213	24645
4843	217.97955665801396	24650
4844	217.94925086965097	24655
4845	217.99831548840257	24660
4846	218.01222365099522	24665
4847	217.99059992073873	24670
4848	218.0186248379735	24675
4849	218.042489717821	24680
4850	218.03683597982803	24685
4851	218.03767151481526	24690
4852	218.02168029841488	24695
4853	218.00214175487656	24700
4854	217.98819533770262	24705
4855	217.92069470198575	24710
4856	217.88972767892483	24715
4857	217.9237421349068	24720
4858	218.0458481277956	24725
4859	217.9373865566901	24730
4860	217.97106504297417	24735
4861	218.06221359532188	24740
4862	218.07834293690433	24745
4863	218.05642514111634	24750
4864	218.02763854766832	24755
4865	218.01775176362656	24760
4866	218.0075269310957	24765
4867	217.9902983231691	24770
4868	217.9744410564507	24775
4869	217.95784293972224	24780
4870	217.94191417879026	24785
4871	217.94184118965342	24790
4872	217.9421363061561	24795
4873	217.9462250567263	24800
4874	217.97788994873133	24805
4875	217.98803627166356	24810
4876	217.98483930095162	24815
4877	217.98600202560624	24820
4878	217.98430843007716	24825
4879	217.96615040071433	24830
4880	217.95005897848046	24835
4881	217.97977642013814	24840
4882	218.0137656940269	24845
4883	218.00165332078348	24850
4884	218.0036413495049	24855
4885	218.01287993326645	24860
4886	217.96369188852339	24865
4887	217.96339628764125	24870
4888	217.9907768144984	24875
4889	218.04603337823562	24880
4890	218.03066944785064	24885
4891	217.93640243388936	24890
4892	217.8833352662702	24895
4893	217.87795217620882	24900
4894	217.89201729876433	24905
4895	217.89936566879763	24910
4896	217.86041998220793	24915
4897	217.86146694208549	24920
4898	217.81680493793112	24925
4899	217.7599724014563	24930
4900	217.70283264660992	24935
4901	217.64287266122122	24940
4902	217.54508019367833	24945
4903	217.54364652526914	24950
4904	217.52040857057597	24955
4905	217.4389421472625	24960
4906	217.3959339472818	24965
4907	217.4401936074666	24970
4908	217.41722752397192	24975
4909	217.33811191722017	24980
4910	217.37413751794577	24985
4911	217.31141491842988	24990
4912	217.25873984210236	24995
4913	217.24381818181817	25000
4914	217.243932091726	25005
4915	217.2425915576423	25010
4916	217.26288104535885	25015
4917	217.29211256172167	25020
4918	217.29439010010495	25025
4919	217.31458661375166	25030
4920	217.34484857845948	25035
4921	217.37297670886161	25040
4922	217.4000867356117	25045
4923	217.43530263805243	25050
4924	217.47233128501767	25055
4925	217.46336018272768	25060
4926	217.5017575432662	25065
4927	217.54092991654323	25070
4928	217.54071004854697	25075
4929	217.54734975792624	25080
4930	217.563727439339	25085
4931	217.5742900588131	25090
4932	217.57580135836804	25095
4933	217.57549039899	25100
4934	217.57786961564253	25105
4935	217.5835027752669	25110
4936	217.59287656416154	25115
4937	217.60647766862465	25120
4938	217.62479277495464	25125
4939	217.6483085694497	25130
4940	217.67751173840827	25135
4941	217.71288896812862	25140
4942	217.7549269449091	25145
4943	217.80411235504798	25150
4944	217.86093188484364	25155
4945	217.91349724201743	25160
4946	217.88979480284755	25165
4947	217.89691217294026	25170
4948	217.93493629751046	25175
4949	217.94295959421333	25180
4950	217.94370243254488	25185
4951	217.95667645238342	25190
4952	217.97150983074485	25195
4953	217.97800399155494	25200
4954	217.98792294872163	25205
4955	218.01392910436408	25210
4956	218.04644548910306	25215
4957	218.08372987295732	25220
4958	218.15687836946069	25225
4959	218.0331905291907	25230
4960	218.04968771721255	25235
4961	218.0079172910014	25240
4962	217.87855081516935	25245
4963	217.8992041021784	25250
4964	217.94530407749767	25255
4965	217.91787609531022	25260
4966	217.95318155029972	25265
4967	218.07403727675282	25270
4968	218.16952483931206	25275
4969	218.136487440375	25280
4970	218.23081277287142	25285
4971	218.25517517834015	25290
4972	218.30458957639968	25295
4973	218.41485348833325	25300
4974	218.49991742501302	25305
4975	218.45727692874183	25310
4976	218.50089353203438	25315
4977	218.59270622684906	25320
4978	218.6356327687461	25325
4979	218.68857251350008	25330
4980	218.7278529081926	25335
4981	218.73681424436117	25340
4982	218.73604204905695	25345
4983	218.7362082027466	25350
4984	218.73617828161804	25355
4985	218.73617544104349	25360
4986	218.74238416749935	25365
4987	218.77890939993642	25370
4988	218.82161971663945	25375
4989	218.80548860302616	25380
4990	218.84745232211657	25385
4991	218.88620020455258	25390
4992	218.89084842293423	25395
4993	218.90617224919734	25400
4994	218.89435894700696	25405
4995	218.87054503483503	25410
4996	218.85431817307634	25415
4997	218.8286449511983	25420
4998	218.8050493588715	25425
4999	218.78900813155514	25430
5000	218.76411394623247	25435
5001	218.76017869932224	25440
5002	218.7772684289599	25445
5003	218.7785490031369	25450
5004	218.794911641318	25455
5005	218.81761520101765	25460
5006	218.82854149456517	25465
5007	218.83415006287785	25470
5008	218.8494556025082	25475
5009	218.85288109427344	25480
5010	218.81541086136122	25485
5011	218.79614776074604	25490
5012	218.78680112255662	25495
5013	218.76236363636363	25500
5014	218.80716265862418	25505
5015	218.89667440126834	25510
5016	218.80339327426634	25515
5017	218.9658337017782	25520
5018	218.98546049592113	25525
5019	219.01666976319848	25530
5020	219.00676326946584	25535
5021	218.9655960134252	25540
5022	218.9825326014225	25545
5023	218.87665842052533	25550
5024	218.76627726232766	25555
5025	218.67948215315	25560
5026	218.69136747898014	25565
5027	218.63894495801483	25570
5028	218.59818480095447	25575
5029	218.58443620311573	25580
5030	218.6336811135306	25585
5031	218.62870148960934	25590
5032	218.62417714992947	25595
5033	218.59814026867926	25600
5034	218.52683627387344	25605
5035	218.43705016460976	25610
5036	218.35935507530186	25615
5037	218.33157663023843	25620
5038	218.33507330514615	25625
5039	218.35039146034697	25630
5040	218.38934771295393	25635
5041	218.39682330704045	25640
5042	218.4223498932918	25645
5043	218.38101451268702	25650
5044	218.38756947069638	25655
5045	218.34958552528477	25660
5046	218.30431712762234	25665
5047	218.25746947314477	25670
5048	218.222110198278	25675
5049	218.2014271694869	25680
5050	218.20051093754037	25685
5051	218.2578190194807	25690
5052	218.26356187491487	25695
5053	218.2086435277176	25700
5054	218.302540618486	25705
5055	218.33537629874402	25710
5056	218.34331709843673	25715
5057	218.37347772004708	25720
5058	218.43499969916095	25725
5059	218.4256109710972	25730
5060	218.44112979279421	25735
5061	218.4972825856175	25740
5062	218.58421247654127	25745
5063	218.64824097103465	25750
5064	218.6612076859809	25755
5065	218.7192324921294	25760
5066	218.80631061350581	25765
5067	218.828394096942	25770
5068	218.85308766326386	25775
5069	218.8792068109442	25780
5070	218.9196864314129	25785
5071	218.9342411926658	25790
5072	218.99982410923585	25795
5073	219.01927774018733	25800
5074	219.07578354512356	25805
5075	219.16913148115887	25810
5076	219.23575818331258	25815
5077	219.2623042653906	25820
5078	219.30239043137982	25825
5079	219.31009547335367	25830
5080	219.28986701971996	25835
5081	219.32895333213804	25840
5082	219.33880578326318	25845
5083	219.33817402168253	25850
5084	219.34803966341735	25855
5085	219.4123873973135	25860
5086	219.50420190234468	25865
5087	219.43305489552503	25870
5088	219.4977064141991	25875
5089	219.62921722135096	25880
5090	219.61179328874226	25885
5091	219.57096476247418	25890
5092	219.57429986341745	25895
5093	219.60272662192403	25900
5094	219.62168678091433	25905
5095	219.61863725853877	25910
5096	219.6942067318223	25915
5097	219.7434583389997	25920
5098	219.76817370679322	25925
5099	219.8504861872351	25930
5100	219.98501516259904	25935
5101	220.00826529957402	25940
5102	220.06286195672178	25945
5103	220.17787594523028	25950
5104	220.2606069794494	25955
5105	220.34371124574457	25960
5106	220.35499776998975	25965
5107	220.3399870085626	25970
5108	220.40361399042808	25975
5109	220.47814654811913	25980
5110	220.51722585975105	25985
5111	220.51061378528263	25990
5112	220.54356515024267	25995
5113	220.52527272727272	26000
5114	220.51655683724584	26005
5115	220.51682684604773	26010
5116	220.51503724624783	26015
5117	220.52628182634496	26020
5118	220.50623681563243	26025
5119	220.50749673531143	26030
5120	220.51586532868578	26035
5121	220.50179737514165	26040
5122	220.52549426787692	26045
5123	220.58878079152618	26050
5124	220.62606110631242	26055
5125	220.63075148679903	26060
5126	220.65108402792558	26065
5127	220.71016324161164	26070
5128	220.78406648914745	26075
5129	220.81306608289844	26080
5130	220.80100018385863	26085
5131	220.7783705824211	26090
5132	220.80460814237716	26095
5133	220.88422948660715	26100
5134	220.84496145355692	26105
5135	220.84404795707465	26110
5136	220.90956736334334	26115
5137	220.88702942394937	26120
5138	220.8950015567584	26125
5139	220.90031039306436	26130
5140	220.91401612358626	26135
5141	220.94311966231513	26140
5142	220.88401896471206	26145
5143	220.89958926143922	26150
5144	220.8824911046117	26155
5145	220.91629208887355	26160
5146	220.86977399929648	26165
5147	220.84465536949685	26170
5148	220.83315381772246	26175
5149	220.79671198496402	26180
5150	220.75868479856487	26185
5151	220.73046192044913	26190
5152	220.73675378777324	26195
5153	220.7469916863544	26200
5154	220.77432011033983	26205
5155	220.80612249131832	26210
5156	220.821868456389	26215
5157	220.83752924642917	26220
5158	220.86791220469624	26225
5159	220.90980652399804	26230
5160	220.93307387735504	26235
5161	220.93641455520444	26240
5162	220.93562034720853	26245
5163	220.97157466870866	26250
5164	221.08294225089477	26255
5165	221.12853092072717	26260
5166	221.07665567681462	26265
5167	221.13181874954176	26270
5168	221.19915063404034	26275
5169	221.18088952379537	26280
5170	221.21470482980476	26285
5171	221.17300021556233	26290
5172	221.18409145527684	26295
5173	221.2051677909691	26300
5174	221.19676199523758	26305
5175	221.16284387631868	26310
5176	221.1521357195304	26315
5177	221.1505653523247	26320
5178	221.17050537712055	26325
5179	221.20997428293248	26330
5180	221.20994606995475	26335
5181	221.21408913412955	26340
5182	221.26719684328265	26345
5183	221.30647819829048	26350
5184	221.32746438508724	26355
5185	221.29279363414904	26360
5186	221.37412500724648	26365
5187	221.4658101069901	26370
5188	221.35228660446543	26375
5189	221.42236810942808	26380
5190	221.46650115003413	26385
5191	221.39683380091375	26390
5192	221.46694160193545	26395
5193	221.50165350612957	26400
5194	221.4552261953055	26405
5195	221.54752780292134	26410
5196	221.61802086299454	26415
5197	221.64349167374493	26420
5198	221.64222000980516	26425
5199	221.64234621198952	26430
5200	221.6423872813457	26435
5201	221.64234817390937	26440
5202	221.6423859165939	26445
5203	221.64528228292184	26450
5204	221.67607847251833	26455
5205	221.7260775600175	26460
5206	221.82385391197172	26465
5207	221.8152023910561	26470
5208	221.71778063484635	26475
5209	221.72459279377705	26480
5210	221.6993552214747	26485
5211	221.63639162737047	26490
5212	221.62413753438412	26495
5213	221.6336363636364	26500
5214	221.72444150633603	26505
5215	221.7414673731986	26510
5216	221.73085035128778	26515
5217	221.8001197183671	26520
5218	221.8605946601249	26525
5219	221.87994592595496	26530
5220	221.93056916742475	26535
5221	221.98335866072443	26540
5222	221.99272516793977	26545
5223	222.01008798589345	26550
5224	222.03861630068388	26555
5225	222.0333970143003	26560
5226	222.04860518913497	26565
5227	222.11469626247532	26570
5228	222.12372663874345	26575
5229	222.10795072703883	26580
5230	222.1965301819129	26585
5231	222.20265317120322	26590
5232	222.23964989747665	26595
5233	222.2769873952778	26600
5234	222.28969082416472	26605
5235	222.3243175809633	26610
5236	222.34320495356542	26615
5237	222.3405117779141	26620
5238	222.32069363154312	26625
5239	222.25861050306136	26630
5240	222.22757819758988	26635
5241	222.2345034190684	26640
5242	222.1599999354139	26645
5243	222.08668764563183	26650
5244	222.0158846518902	26655
5245	222.00853675644683	26660
5246	221.99129774294082	26665
5247	221.9772352987938	26670
5248	221.96027358271937	26675
5249	221.94080323513703	26680
5250	221.93952798232044	26685
5251	221.93682686097523	26690
5252	221.92805369399667	26695
5253	221.91913916075544	26700
5254	221.888311966861	26705
5255	221.86292324788133	26710
5256	221.9216355358431	26715
5257	221.8770702689342	26720
5258	221.95172762968605	26725
5259	221.89392602534474	26730
5260	221.8873528836178	26735
5261	221.82997835378578	26740
5262	221.79846918739548	26745
5263	221.79772524794646	26750
5264	221.75399373024902	26755
5265	221.7358780899714	26760
5266	221.73901346164877	26765
5267	221.73826526882493	26770
5268	221.75170785043036	26775
5269	221.7947150468072	26780
5270	221.81671700379454	26785
5271	221.78241551069513	26790
5272	221.81257012915302	26795
5273	221.81362768232566	26800
5274	221.78770282591984	26805
5275	221.77512388349993	26810
5276	221.76885010938068	26815
5277	221.75723276274087	26820
5278	221.73343883210262	26825
5279	221.69652651787126	26830
5280	221.69388958868882	26835
5281	221.70759446244872	26840
5282	221.66073088800994	26845
5283	221.64211321461562	26850
5284	221.6515589509662	26855
5285	221.66772865710178	26860
5286	221.68504490102148	26865
5287	221.6856114991184	26870
5288	221.70085868503145	26875
5289	221.74728693376596	26880
5290	221.7012490235932	26885
5291	221.68931312005316	26890
5292	221.68719289965455	26895
5293	221.68293561674125	26900
5294	221.72979003591206	26905
5295	221.7310627683036	26910
5296	221.75339767499327	26915
5297	221.785604636025	26920
5298	221.82978378904275	26925
5299	221.9120417117935	26930
5300	221.9120141188379	26935
5301	221.95106636954466	26940
5302	221.9436396725817	26945
5303	221.88592925406914	26950
5304	221.89302449278102	26955
5305	221.86180188812668	26960
5306	221.8354328205316	26965
5307	221.88562614693663	26970
5308	221.94336717708956	26975
5309	221.97946119493642	26980
5310	221.9531122847635	26985
5311	221.91285583830822	26990
5312	221.95071520124205	26995
5313	221.93036363636364	27000
5314	221.79658398706766	27005
5315	221.8024097817292	27010
5316	221.81130820191356	27015
5317	221.81048150872232	27020
5318	221.89293071610834	27025
5319	221.92634809864072	27030
5320	221.937927382394	27035
5321	222.01437342832955	27040
5322	222.0583597250089	27045
5323	222.07397160931671	27050
5324	222.12040971265765	27055
5325	222.1220073537502	27060
5326	222.13361687725478	27065
5327	222.15732245495607	27070
5328	222.14804715599183	27075
5329	222.18588200053577	27080
5330	222.22283163489251	27085
5331	222.23510506830667	27090
5332	222.23592392285877	27095
5333	222.23610890020169	27100
5334	222.23586276926042	27105
5335	222.2664947531862	27110
5336	222.31204874073143	27115
5337	222.3037907560083	27120
5338	222.29595541850307	27125
5339	222.3334290844458	27130
5340	222.36059714720048	27135
5341	222.48279235159896	27140
5342	222.45584074440006	27145
5343	222.4396396109472	27150
5344	222.52855958094085	27155
5345	222.54961839491384	27160
5346	222.58009562420276	27165
5347	222.64230134402763	27170
5348	222.61173326413842	27175
5349	222.59128177480974	27180
5350	222.63808801712827	27185
5351	222.69294328672078	27190
5352	222.77957867600327	27195
5353	222.81559074389295	27200
5354	222.7952571434821	27205
5355	222.84243295811208	27210
5356	222.8562801595917	27215
5357	222.96203403313936	27220
5358	222.99155304894538	27225
5359	222.9315101956436	27230
5360	223.00069743861715	27235
5361	223.07282913507504	27240
5362	223.10489569559886	27245
5363	223.11112106538405	27250
5364	223.12695827227913	27255
5365	223.1985707230173	27260
5366	223.27306453413493	27265
5367	223.3104622794839	27270
5368	223.36556402959386	27275
5369	223.46149671509235	27280
5370	223.55762388412964	27285
5371	223.6208946218457	27290
5372	223.6436202142194	27295
5373	223.76225505311155	27300
5374	223.83588616356346	27305
5375	223.76804109264162	27310
5376	223.8265963382476	27315
5377	223.90650171776576	27320
5378	223.92453902209274	27325
5379	223.94028301177423	27330
5380	223.95947605188164	27335
5381	223.99530929456836	27340
5382	224.0112869420367	27345
5383	224.02725944462765	27350
5384	224.08381618697163	27355
5385	224.0813534226391	27360
5386	224.10197584422278	27365
5387	224.09156382946455	27370
5388	224.1579178395052	27375
5389	224.13774460224124	27380
5390	224.15751644793292	27385
5391	224.24409343382132	27390
5392	224.28026739085925	27395
5393	224.29907154229772	27400
5394	224.386829090072	27405
5395	224.4518118982441	27410
5396	224.44578471608602	27415
5397	224.49294245593964	27420
5398	224.5747503004561	27425
5399	224.65807460460357	27430
5400	224.74297358579082	27435
5401	224.85707830029065	27440
5402	224.87597261642165	27445
5403	224.99697813087212	27450
5404	225.20197134288136	27455
5405	225.23592834218604	27460
5406	225.21331974040612	27465
5407	225.26951237101838	27470
5408	225.33526319620663	27475
5409	225.38531738576262	27480
5410	225.4641557031271	27485
5411	225.50641059250938	27490
5412	225.47806048594143	27495
5413	225.5831383850474	27500
5414	225.75185457403163	27505
5415	225.8486319886115	27510
5416	225.91184664430776	27515
5417	225.9070458014671	27520
5418	225.93572358017443	27525
5419	225.93160968984597	27530
5420	225.9084697822249	27535
5421	225.88541885849267	27540
5422	225.88985925992773	27545
5423	225.93681561299184	27550
5424	225.95420188807887	27555
5425	225.9442665828526	27560
5426	226.00508279067114	27565
5427	226.05603373290714	27570
5428	225.9828849214319	27575
5429	226.0190438982116	27580
5430	225.9748276980203	27585
5431	225.9433368162969	27590
5432	225.94670237653642	27595
5433	225.9593585600822	27600
5434	225.97237417202098	27605
5435	225.98555879963942	27610
5436	225.99770168152014	27615
5437	226.01358916445616	27620
5438	226.016667326617	27625
5439	226.04731805041513	27630
5440	226.1108268460225	27635
5441	226.09884255876702	27640
5442	226.10794699240108	27645
5443	226.18148903042209	27650
5444	226.21390426585265	27655
5445	226.2145886324441	27660
5446	226.23753874306763	27665
5447	226.37099036208073	27670
5448	226.34336440411565	27675
5449	226.37061148355198	27680
5450	226.42194649882327	27685
5451	226.3981573304796	27690
5452	226.42499807138037	27695
5453	226.53200244357245	27700
5454	226.57141245061578	27705
5455	226.52822002341387	27710
5456	226.64133459984706	27715
5457	226.738268631409	27720
5458	226.8415567722398	27725
5459	226.797376459297	27730
5460	226.7957693569409	27735
5461	226.89508768053477	27740
5462	226.9093261800456	27745
5463	226.8747660547169	27750
5464	226.83812327924463	27755
5465	226.8035471354541	27760
5466	226.76424390342828	27765
5467	226.70575906288835	27770
5468	226.68357857008147	27775
5469	226.6642817057964	27780
5470	226.5940771318649	27785
5471	226.61113389028196	27790
5472	226.59876403444588	27795
5473	226.65975686667664	27800
5474	226.60707959704024	27805
5475	226.5605291084415	27810
5476	226.60532296709792	27815
5477	226.62800654277677	27820
5478	226.62514649276184	27825
5479	226.6564526739602	27830
5480	226.7055057669851	27835
5481	226.7501500273519	27840
5482	226.81178833867958	27845
5483	226.86409037973817	27850
5484	226.8589855332953	27855
5485	226.84937909968124	27860
5486	226.8799359506158	27865
5487	226.92524669119572	27870
5488	226.9134916547209	27875
5489	226.901642443181	27880
5490	226.93176611038567	27885
5491	226.89733603778882	27890
5492	226.8796336525234	27895
5493	226.88353678405778	27900
5494	226.8906980311974	27905
5495	226.91934560334815	27910
5496	226.91371961397772	27915
5497	226.8901772416354	27920
5498	226.92025777295456	27925
5499	226.91772250826037	27930
5500	226.87734416909686	27935
5501	226.91136368904202	27940
5502	226.87677786071885	27945
5503	226.9148723467836	27950
5504	226.896152472558	27955
5505	226.83245313360732	27960
5506	226.85464924475627	27965
5507	226.83453760107332	27970
5508	226.781183630919	27975
5509	226.7430289752199	27980
5510	226.677864602123	27985
5511	226.66329381112655	27990
5512	226.65283229985695	27995
5513	226.5970587772095	28000
5514	226.6599779080342	28005
5515	226.62867553442794	28010
5516	226.7298785655819	28015
5517	226.65695852261788	28020
5518	226.54737555731143	28025
5519	226.48203050382727	28030
5520	226.38755145270068	28035
5521	226.28886925817483	28040
5522	226.27166799765376	28045
5523	226.2943227000382	28050
5524	226.29945306451964	28055
5525	226.35121442359375	28060
5526	226.391546604409	28065
5527	226.3615024865861	28070
5528	226.39094355250495	28075
5529	226.38981509242714	28080
5530	226.40198619143973	28085
5531	226.35557489878306	28090
5532	226.33494171089478	28095
5533	226.30890207190419	28100
5534	226.296836523166	28105
5535	226.26434584378453	28110
5536	226.2963072838047	28115
5537	226.29746839068378	28120
5538	226.32227978126838	28125
5539	226.3386529374238	28130
5540	226.26013409650344	28135
5541	226.2883966144037	28140
5542	226.35103335681845	28145
5543	226.31611868151808	28150
5544	226.39039929621012	28155
5545	226.34723854660515	28160
5546	226.31918160976	28165
5547	226.32000927285375	28170
5548	226.30536784919704	28175
5549	226.32346295040867	28180
5550	226.3445748085097	28185
5551	226.34729443799833	28190
5552	226.34637430440256	28195
5553	226.3475609294229	28200
5554	226.34459308923616	28205
5555	226.36977047189947	28210
5556	226.4004156314459	28215
5557	226.34084850239236	28220
5558	226.31619412241272	28225
5559	226.35950708725252	28230
5560	226.24597652451817	28235
5561	226.2547231192299	28240
5562	226.3151643993452	28245
5563	226.29889464591074	28250
5564	226.29380404527112	28255
5565	226.33326102884595	28260
5566	226.3504283537172	28265
5567	226.34535232809358	28270
5568	226.37065868070144	28275
5569	226.4353189704298	28280
5570	226.46028580576848	28285
5571	226.4414717557239	28290
5572	226.5013123332187	28295
5573	226.5528050263757	28300
5574	226.61811942724492	28305
5575	226.65153353019187	28310
5576	226.6811642207231	28315
5577	226.73104325926593	28320
5578	226.73135964962637	28325
5579	226.75218230343435	28330
5580	226.80418588512615	28335
5581	226.85683913497337	28340
5582	226.90648315474706	28345
5583	227.00322774804732	28350
5584	227.08970157218715	28355
5585	227.06443568601017	28360
5586	227.09407175178623	28365
5587	227.26060137202356	28370
5588	227.4288375077121	28375
5589	227.40618674155013	28380
5590	227.48517458149144	28385
5591	227.5388053367395	28390
5592	227.52739470901756	28395
5593	227.58461198727895	28400
5594	227.66078949596928	28405
5595	227.71874847344733	28410
5596	227.7306933647663	28415
5597	227.7809904750419	28420
5598	227.82269915813941	28425
5599	227.75816468630612	28430
5600	227.76441429438134	28435
5601	227.74899818158957	28440
5602	227.6887663213669	28445
5603	227.637186009342	28450
5604	227.56331591523875	28455
5605	227.57183939675522	28460
5606	227.63024947759183	28465
5607	227.6224945262545	28470
5608	227.6250046234743	28475
5609	227.68337874616722	28480
5610	227.71347021643905	28485
5611	227.7192077150092	28490
5612	227.74428340629538	28495
5613	227.75431752030846	28500
5614	227.72133849464973	28505
5615	227.68412405909288	28510
5616	227.6907388870249	28515
5617	227.68675695413074	28520
5618	227.76847980499625	28525
5619	227.70371258203025	28530
5620	227.7475331065927	28535
5621	227.782281710042	28540
5622	227.78568221485804	28545
5623	227.76192292881566	28550
5624	227.70996539301663	28555
5625	227.69007192030384	28560
5626	227.70557484022066	28565
5627	227.6648465049156	28570
5628	227.5876676765571	28575
5629	227.59394226898212	28580
5630	227.604738860741	28585
5631	227.55013776638623	28590
5632	227.55226716790008	28595
5633	227.61161778157887	28600
5634	227.6207136687128	28605
5635	227.58531590184984	28610
5636	227.6396724430932	28615
5637	227.64962267327638	28620
5638	227.59519299153948	28625
5639	227.54160204409035	28630
5640	227.4903591115313	28635
5641	227.4414440544687	28640
5642	227.39483673350904	28645
5643	227.35051700925865	28650
5644	227.308464742324	28655
5645	227.26865979331149	28660
5646	227.23108202282754	28665
5647	227.19571129147857	28670
5648	227.16252745987097	28675
5649	227.1315103886112	28680
5650	227.1026399383056	28685
5651	227.07589596956066	28690
5652	227.05125834298275	28695
5653	227.0287069191783	28700
5654	227.00822155875375	28705
5655	226.98978212231543	28710
5656	226.97336847046986	28715
5657	226.95896046382344	28720
5658	226.94653796298252	28725
5659	226.93608082855354	28730
5660	226.92756892114292	28735
5661	226.9209821013571	28740
5662	226.91630022980252	28745
5663	226.91350316708548	28750
5664	226.9125707738125	28755
5665	226.91348291058998	28760
5666	226.91621943802426	28765
5667	226.92076021672185	28770
5668	226.92708510728912	28775
5669	226.9351739703325	28780
5670	226.94500666645837	28785
5671	226.95656305627318	28790
5672	226.96982300038331	28795
5673	226.98476635939528	28800
5674	227.00137299391537	28805
5675	227.01962276455006	28810
5676	227.03949553190574	28815
5677	227.06097115658886	28820
5678	227.08402949920583	28825
5679	227.10865042036306	28830
5680	227.13481378066692	28835
5681	227.16249944072388	28840
5682	227.19168726114032	28845
5683	227.2223571025227	28850
5684	227.25448882547738	28855
5685	227.2880622906108	28860
5686	227.32305735852938	28865
5687	227.35945388983956	28870
5688	227.39723174514774	28875
5689	227.43637078506026	28880
5690	227.47685087018363	28885
5691	227.51865186112423	28890
5692	227.56175361848847	28895
5693	227.6061360028828	28900
5694	227.6517788749136	28905
5695	227.69866209518727	28910
5696	227.74676552431026	28915
5697	227.796069022889	28920
5698	227.84655245152982	28925
5699	227.89819567083921	28930
5700	227.95097854142355	28935
5701	228.00488092388935	28940
5702	228.05988267884288	28945
5703	228.11594438418035	28950
5704	228.14495200936875	28955
5705	228.11029632032825	28960
5706	228.16505729443503	28965
5707	228.2075050003425	28970
5708	228.24873909764167	28975
5709	228.21545728881978	28980
5710	228.20757194194633	28985
5711	228.20238109565787	28990
5712	228.13486907058297	28995
5713	228.08122530580113	29000
5714	228.09313515110154	29005
5715	228.064573112792	29010
5716	227.98077193549994	29015
5717	227.99565333014465	29020
5718	227.94215257388916	29025
5719	227.9773596640459	29030
5720	227.99891771291647	29035
5721	227.98841758537048	29040
5722	227.97046409175329	29045
5723	227.98326089681075	29050
5724	227.92879649481452	29055
5725	227.88793100926603	29060
5726	227.8779555157444	29065
5727	227.83935632417797	29070
5728	227.7920417252153	29075
5729	227.7339659142756	29080
5730	227.67353274607163	29085
5731	227.64808565017094	29090
5732	227.64330242053921	29095
5733	227.64344342460768	29100
5734	227.64359581586965	29105
5735	227.62767632697637	29110
5736	227.57837440527564	29115
5737	227.58560410561245	29120
5738	227.56060742184374	29125
5739	227.49787022085172	29130
5740	227.42476692124637	29135
5741	227.34992208238688	29140
5742	227.31466420737783	29145
5743	227.28424188172778	29150
5744	227.240028180468	29155
5745	227.24919789181237	29160
5746	227.23140085572973	29165
5747	227.18441375063315	29170
5748	227.24568027598	29175
5749	227.19203952532797	29180
5750	227.10789188584158	29185
5751	227.10287184725644	29190
5752	227.20085821541795	29195
5753	227.15511982986047	29200
5754	227.1834887698051	29205
5755	227.18850574361628	29210
5756	227.16040836156563	29215
5757	227.1785450797677	29220
5758	227.0954945104465	29225
5759	227.03921603770033	29230
5760	226.99432230725503	29235
5761	226.95838860163784	29240
5762	226.9457932287521	29245
5763	226.91263578166306	29250
5764	226.9006170676832	29255
5765	226.86864168434946	29260
5766	226.91025334396497	29265
5767	226.89686409328823	29270
5768	226.92007041869786	29275
5769	226.93084366096306	29280
5770	226.90379289616797	29285
5771	226.92497080342233	29290
5772	226.95269622995005	29295
5773	226.93565937273434	29300
5774	226.89011972098092	29305
5775	226.8863580747447	29310
5776	226.90363011998144	29315
5777	226.8565352150854	29320
5778	226.817255201566	29325
5779	226.7857404481369	29330
5780	226.81077338576026	29335
5781	226.7878654831671	29340
5782	226.7496215794336	29345
5783	226.74264022113033	29350
5784	226.74425473686398	29355
5785	226.72195625150937	29360
5786	226.67901702025597	29365
5787	226.65832533439317	29370
5788	226.6468643502114	29375
5789	226.61595613401013	29380
5790	226.61928681372822	29385
5791	226.6405201851271	29390
5792	226.70058828764766	29395
5793	226.70109723418992	29400
5794	226.73710914771831	29405
5795	226.74927560412775	29410
5796	226.77895370941152	29415
5797	226.86964122278383	29420
5798	226.84078732371734	29425
5799	226.83020061001645	29430
5800	226.92360650976002	29435
5801	226.94827585932967	29440
5802	226.94802958666335	29445
5803	226.93996187070616	29450
5804	226.97109183347163	29455
5805	227.1630220533606	29460
5806	227.2107055983626	29465
5807	227.2455725860016	29470
5808	227.228979107057	29475
5809	227.30423623796548	29480
5810	227.38817872315897	29485
5811	227.4467107906023	29490
5812	227.53720600600744	29495
5813	227.64082870393375	29500
5814	227.71576078032209	29505
5815	227.76618564969553	29510
5816	227.82598389626392	29515
5817	227.85453154469647	29520
5818	227.82758382024943	29525
5819	227.89349498292412	29530
5820	227.94416075382736	29535
5821	228.00309405208628	29540
5822	228.04266107501357	29545
5823	228.09146773698404	29550
5824	228.1543098972768	29555
5825	228.213777238343	29560
5826	228.18380876503488	29565
5827	228.26234110173093	29570
5828	228.30545969489305	29575
5829	228.28737309567262	29580
5830	228.3520762928386	29585
5831	228.34759723853088	29590
5832	228.40231585855204	29595
5833	228.50143023325597	29600
5834	228.53167443187505	29605
5835	228.60455559252156	29610
5836	228.61776110276313	29615
5837	228.65612154118327	29620
5838	228.65903445905792	29625
5839	228.64734937436418	29630
5840	228.69314744242453	29635
5841	228.73975637044975	29640
5842	228.7705169722894	29645
5843	228.83568946800645	29650
5844	228.853871976951	29655
5845	228.83476950363462	29660
5846	228.90081413514918	29665
5847	228.98687729849394	29670
5848	229.08264434435176	29675
5849	229.0800425972046	29680
5850	229.17068796868259	29685
5851	229.27009240535918	29690
5852	229.3517249187115	29695
5853	229.42706532806216	29700
5854	229.6347541741187	29705
5855	229.69954213543895	29710
5856	229.74114313693823	29715
5857	229.82188377864955	29720
5858	229.78869337854456	29725
5859	229.78343322683858	29730
5860	229.81447706101025	29735
5861	229.78496350181547	29740
5862	229.83073038598758	29745
5863	229.85455332615348	29750
5864	229.89392887952252	29755
5865	229.95488285197695	29760
5866	229.9659809867386	29765
5867	230.02154651004943	29770
5868	229.94693245560364	29775
5869	229.94445063287233	29780
5870	229.9531936724304	29785
5871	229.8625973363095	29790
5872	229.82563935788536	29795
5873	229.88990190122863	29800
5874	229.9039860584638	29805
5875	229.87281198013653	29810
5876	229.94835898964152	29815
5877	229.98843017236175	29820
5878	230.0431725698798	29825
5879	230.16211890759507	29830
5880	230.18931561885435	29835
5881	230.1884306305441	29840
5882	230.24556509780052	29845
5883	230.29920358949735	29850
5884	230.3443118042075	29855
5885	230.4057497240472	29860
5886	230.4453778728456	29865
5887	230.45931602535873	29870
5888	230.4836366923893	29875
5889	230.50526299141407	29880
5890	230.50916315000043	29885
5891	230.49779562058603	29890
5892	230.4744164985777	29895
5893	230.51492713201876	29900
5894	230.51177743885322	29905
5895	230.5014038106747	29910
5896	230.64592593767736	29915
5897	230.63502359899041	29920
5898	230.62632467004002	29925
5899	230.70034048128673	29930
5900	230.7635066168819	29935
5901	230.8215631687491	29940
5902	230.8586008832879	29945
5903	230.8523644166632	29950
5904	230.85754893700326	29955
5905	230.9273756224586	29960
5906	231.00900175290175	29965
5907	231.06767771703423	29970
5908	231.14985545157532	29975
5909	231.09974585632446	29980
5910	231.21128853645493	29985
5911	231.2833964039009	29990
5912	231.22818329142592	29995
5913	231.22821235325574	30000
5914	231.28610143296902	30005
5915	231.30774632174925	30010
5916	231.2985710211254	30015
5917	231.28343077515547	30020
5918	231.2767717088665	30025
5919	231.3163562215577	30030
5920	231.35747097813112	30035
5921	231.32500841155442	30040
5922	231.3990535024968	30045
5923	231.46466395035534	30050
5924	231.5309736280796	30055
5925	231.57561540411663	30060
5926	231.65415582526464	30065
5927	231.75289419812924	30070
5928	231.8157773445838	30075
5929	231.80057207444943	30080
5930	231.79498966989016	30085
5931	231.89604849890452	30090
5932	231.95569607499317	30095
5933	231.915933627454	30100
5934	231.98028673331495	30105
5935	232.06124748496663	30110
5936	232.08419255999942	30115
5937	232.08375427553293	30120
5938	232.1063842311387	30125
5939	232.15730064748843	30130
5940	232.1883411177004	30135
5941	232.14111642853396	30140
5942	232.20569182488816	30145
5943	232.28943856296476	30150
5944	232.29540961042233	30155
5945	232.32513082339983	30160
5946	232.35044045586653	30165
5947	232.342304249723	30170
5948	232.3490531716827	30175
5949	232.34133683285202	30180
5950	232.34240095678464	30185
5951	232.34246569888654	30190
5952	232.31629513392664	30195
5953	232.30362406203938	30200
5954	232.27563055097514	30205
5955	232.30007444735736	30210
5956	232.44217130293163	30215
5957	232.4640496714937	30220
5958	232.43320603418877	30225
5959	232.53124871540896	30230
5960	232.6370153351497	30235
5961	232.65303503522208	30240
5962	232.63018411716848	30245
5963	232.59859613463124	30250
5964	232.56737091274277	30255
5965	232.62116302282425	30260
5966	232.5997498383892	30265
5967	232.64008792619	30270
5968	232.60247765848646	30275
5969	232.5945674734326	30280
5970	232.60087898354652	30285
5971	232.56803225845513	30290
5972	232.5409183699864	30295
5973	232.5831798481483	30300
5974	232.66949287144274	30305
5975	232.6602099015884	30310
5976	232.62516503226806	30315
5977	232.7287124452297	30320
5978	232.7805817209811	30325
5979	232.81592836410783	30330
5980	232.80141206863962	30335
5981	232.8585909206536	30340
5982	232.77521879102608	30345
5983	232.7499792723221	30350
5984	232.74198861896488	30355
5985	232.67983906178424	30360
5986	232.6979735678079	30365
5987	232.7048705194241	30370
5988	232.68995855964337	30375
5989	232.7333732265018	30380
5990	232.7470829088176	30385
5991	232.76149685782525	30390
5992	232.79777971452822	30395
5993	232.80430856580486	30400
5994	232.82997496486098	30405
5995	232.78993320234946	30410
5996	232.79864864295033	30415
5997	232.8080970796565	30420
5998	232.7589400880551	30425
5999	232.74251212577335	30430
6000	232.74780909104564	30435
6001	232.7466075891563	30440
6002	232.77254329308823	30445
6003	232.8994822306292	30450
6004	232.93226744835832	30455
6005	232.8394673286008	30460
6006	232.96792331993296	30465
6007	233.04309541246528	30470
6008	233.04619586294524	30475
6009	233.05303949312756	30480
6010	233.06360757377072	30485
6011	233.11173560509764	30490
6012	233.10081788794596	30495
6013	233.09985602453557	30500
6014	233.1335889913004	30505
6015	233.17923681995387	30510
6016	233.21499876900853	30515
6017	233.19634446629712	30520
6018	233.20573999991893	30525
6019	233.293208895853	30530
6020	233.31397028062824	30535
6021	233.29098272612154	30540
6022	233.35482988326095	30545
6023	233.45103493387774	30550
6024	233.4447075363769	30555
6025	233.44353524595812	30560
6026	233.4185508998326	30565
6027	233.3213423681988	30570
6028	233.36119435483283	30575
6029	233.3770705812124	30580
6030	233.3058835439146	30585
6031	233.2551862620906	30590
6032	233.23909422131086	30595
6033	233.2421158341928	30600
6034	233.24091367577307	30605
6035	233.24228881702862	30610
6036	233.2298168036866	30615
6037	233.1845181001557	30620
6038	233.1856082035476	30625
6039	233.16284156925565	30630
6040	233.09913060672125	30635
6041	233.0485222206595	30640
6042	233.0140175529913	30645
6043	232.98458318153965	30650
6044	232.93744045187492	30655
6045	232.8730283439434	30660
6046	232.8705570552267	30665
6047	232.87143617635812	30670
6048	232.79232023408184	30675
6049	232.7109233346001	30680
6050	232.6567388199178	30685
6051	232.6993949065749	30690
6052	232.6835113472933	30695
6053	232.6829700040243	30700
6054	232.6866894741595	30705
6055	232.6481304044047	30710
6056	232.6387481612955	30715
6057	232.60461919759175	30720
6058	232.5986176690601	30725
6059	232.6048667684247	30730
6060	232.57736201644508	30735
6061	232.52687405956055	30740
6062	232.49075977031208	30745
6063	232.5241141666586	30750
6064	232.568795064668	30755
6065	232.55564464797087	30760
6066	232.59189347776154	30765
6067	232.74437449091815	30770
6068	232.70650991235004	30775
6069	232.6427974748515	30780
6070	232.6046648887221	30785
6071	232.59751821775532	30790
6072	232.56656330184404	30795
6073	232.54093131676717	30800
6074	232.50437925251669	30805
6075	232.48072335964926	30810
6076	232.4852389474612	30815
6077	232.4443160836639	30820
6078	232.38454636073328	30825
6079	232.34587492600977	30830
6080	232.34214571728816	30835
6081	232.32783101424192	30840
6082	232.28699670576987	30845
6083	232.30114004704987	30850
6084	232.27084760557543	30855
6085	232.33123088428744	30860
6086	232.344777409263	30865
6087	232.37717596157893	30870
6088	232.47798106607846	30875
6089	232.62068559770455	30880
6090	232.66417657647676	30885
6091	232.6232113194704	30890
6092	232.63013946377845	30895
6093	232.5446929238918	30900
6094	232.45704877644476	30905
6095	232.29597671595604	30910
6096	232.27303421992502	30915
6097	232.220818908063	30920
6098	232.21047984192637	30925
6099	232.20117784318415	30930
6100	232.24630210547556	30935
6101	231.9812378482291	30940
6102	231.84081110803143	30945
6103	231.91840111850468	30950
6104	231.90256117126432	30955
6105	231.8954123962744	30960
6106	231.9350284388458	30965
6107	231.95351967531104	30970
6108	231.97177057021457	30975
6109	232.0338952011699	30980
6110	232.0629890771166	30985
6111	232.01903949238212	30990
6112	232.13303076329046	30995
6113	232.14586719492115	31000
6114	232.09019851311055	31005
6115	232.09563885106655	31010
6116	232.07033312827886	31015
6117	231.98837629043402	31020
6118	231.97593172627637	31025
6119	232.02458023043852	31030
6120	232.01742897407817	31035
6121	232.00911951235688	31040
6122	232.09729017120563	31045
6123	232.1521766671617	31050
6124	232.11241533706186	31055
6125	232.18611507753482	31060
6126	232.24186932701159	31065
6127	232.25178471900622	31070
6128	232.25687537446373	31075
6129	232.30623321060085	31080
6130	232.29385512545406	31085
6131	232.3102067861531	31090
6132	232.29134307161323	31095
6133	232.26560721359036	31100
6134	232.27705735061116	31105
6135	232.2256649370146	31110
6136	232.1666677249815	31115
6137	232.08940438779396	31120
6138	232.12733696307362	31125
6139	232.0907316363286	31130
6140	232.02594618658807	31135
6141	231.96485074839828	31140
6142	231.9430426235324	31145
6143	231.95865022271002	31150
6144	231.9343443482297	31155
6145	231.89587609261736	31160
6146	231.91641276819752	31165
6147	231.94552605918312	31170
6148	231.94412714694644	31175
6149	231.94512273886124	31180
6150	231.94365415653033	31185
6151	231.9129647917575	31190
6152	231.8677633827377	31195
6153	231.88868472052158	31200
6154	231.83545946089632	31205
6155	231.76951753268295	31210
6156	231.71287160941773	31215
6157	231.6479478042987	31220
6158	231.68468408278397	31225
6159	231.6963740331857	31230
6160	231.71669458025787	31235
6161	231.70805283979433	31240
6162	231.67757153481736	31245
6163	231.68379951417853	31250
6164	231.6432718424581	31255
6165	231.58125647332642	31260
6166	231.5171473535203	31265
6167	231.48498772231133	31270
6168	231.49846472547858	31275
6169	231.4402367187028	31280
6170	231.4021463462265	31285
6171	231.39589390428253	31290
6172	231.32288837982037	31295
6173	231.29270455605342	31300
6174	231.26177934263364	31305
6175	231.22802665546163	31310
6176	231.2009353514955	31315
6177	231.0909387657718	31320
6178	230.9378945679612	31325
6179	230.9259653637295	31330
6180	230.98136534772718	31335
6181	230.89886811360762	31340
6182	230.96231716973435	31345
6183	230.92631680867092	31350
6184	231.0268588609257	31355
6185	231.0677705610211	31360
6186	230.99378636526652	31365
6187	231.00486035392865	31370
6188	231.00829373648182	31375
6189	230.96008849740247	31380
6190	230.90215223217635	31385
6191	230.87403691183033	31390
6192	230.87653277086548	31395
6193	230.84162864772395	31400
6194	230.78243624392266	31405
6195	230.74991904223717	31410
6196	230.745845291689	31415
6197	230.75268555074814	31420
6198	230.77736205496527	31425
6199	230.8443051250356	31430
6200	230.92351301601553	31435
6201	230.89899496370262	31440
6202	231.01683611792484	31445
6203	231.20131493867342	31450
6204	231.26932095007137	31455
6205	231.21920311752066	31460
6206	231.2239738847252	31465
6207	231.20932005874127	31470
6208	231.06736874296809	31475
6209	231.0413126579945	31480
6210	230.96440628657126	31485
6211	230.9530237673587	31490
6212	230.8860325793311	31495
6213	230.89968506769722	31500
6214	230.85119602409338	31505
6215	230.85264756965228	31510
6216	230.8993518186332	31515
6217	230.93136602448024	31520
6218	230.9283634887192	31525
6219	230.96433071759353	31530
6220	231.02510766041144	31535
6221	231.0934701629874	31540
6222	231.1253542769357	31545
6223	231.07168716049011	31550
6224	231.06116145975653	31555
6225	230.95106895923112	31560
6226	230.96172358115206	31565
6227	230.87924969204914	31570
6228	230.80503024817406	31575
6229	230.88401072503785	31580
6230	230.83814827945534	31585
6231	230.8626295341609	31590
6232	230.93727232225652	31595
6233	230.95450128056754	31600
6234	231.02125393066171	31605
6235	231.08300399943028	31610
6236	231.07197458530075	31615
6237	231.11187870762026	31620
6238	231.22519512008446	31625
6239	231.35612285745086	31630
6240	231.41721090769403	31635
6241	231.50788604587262	31640
6242	231.63900569368695	31645
6243	231.60892137603585	31650
6244	231.5725512232715	31655
6245	231.58752063295591	31660
6246	231.49436787804729	31665
6247	231.38431048863973	31670
6248	231.4838132672247	31675
6249	231.5154605103817	31680
6250	231.44918251130326	31685
6251	231.58633685332558	31690
6252	231.73268874762877	31695
6253	231.84502053148216	31700
6254	231.86613691416713	31705
6255	231.80513672640646	31710
6256	231.7325738837281	31715
6257	231.70137216325946	31720
6258	231.69643687761936	31725
6259	231.62075184067402	31730
6260	231.60672848636608	31735
6261	231.58323646319457	31740
6262	231.52501629604066	31745
6263	231.4700603935936	31750
6264	231.47591260694645	31755
6265	231.5112414041421	31760
6266	231.50797563945653	31765
6267	231.54589972811812	31770
6268	231.49330713398913	31775
6269	231.48545776043514	31780
6270	231.50588131895108	31785
6271	231.4626164607164	31790
6272	231.4410054591464	31795
6273	231.5283015477842	31800
6274	231.54906638667413	31805
6275	231.5364744829041	31810
6276	231.54586417505365	31815
6277	231.51838919988054	31820
6278	231.4797389123586	31825
6279	231.48109158226447	31830
6280	231.465907886155	31835
6281	231.41136086174808	31840
6282	231.35342273219504	31845
6283	231.2812369132771	31850
6284	231.30336643273907	31855
6285	231.25795894141757	31860
6286	231.2404505884664	31865
6287	231.240731303342	31870
6288	231.2405284548939	31875
6289	231.24090199042422	31880
6290	231.23963806024014	31885
6291	231.2431746350477	31890
6292	231.20743361304673	31895
6293	231.1948132362938	31900
6294	231.2159645031039	31905
6295	231.1768063606816	31910
6296	231.14987949185337	31915
6297	231.16987058364336	31920
6298	231.3279852659561	31925
6299	231.31348540690627	31930
6300	231.25086364011838	31935
6301	231.36123448321825	31940
6302	231.38448462896613	31945
6303	231.34894777464797	31950
6304	231.34660926153765	31955
6305	231.3023132760563	31960
6306	231.2959350004136	31965
6307	231.31220363402423	31970
6308	231.26458079733268	31975
6309	231.2359444090486	31980
6310	231.2589080281355	31985
6311	231.31619350049533	31990
6312	231.3235514679961	31995
6313	231.3312548412084	32000
6314	231.39875298993095	32005
6315	231.3868208306216	32010
6316	231.4447118106635	32015
6317	231.55678461926482	32020
6318	231.53135551716375	32025
6319	231.53355583971882	32030
6320	231.6053528572145	32035
6321	231.65334466078252	32040
6322	231.79281015550214	32045
6323	231.86233449556724	32050
6324	231.78209858018784	32055
6325	231.9244985111268	32060
6326	232.04716917297685	32065
6327	232.12770857477315	32070
6328	232.1277973585708	32075
6329	232.04758190977645	32080
6330	231.96106338266836	32085
6331	231.94263549993718	32090
6332	231.94672710873482	32095
6333	231.94103098887754	32100
6334	231.99191805712502	32105
6335	232.00240233136498	32110
6336	232.00112359811945	32115
6337	232.02426770737782	32120
6338	231.98461645311323	32125
6339	231.98132175220508	32130
6340	232.01654465065246	32135
6341	232.06286976899398	32140
6342	232.0770444885612	32145
6343	232.28407344575842	32150
6344	232.27652492211556	32155
6345	232.33066234391345	32160
6346	232.4310563965675	32165
6347	232.4883427531588	32170
6348	232.45425051791088	32175
6349	232.37997304065092	32180
6350	232.32295789679023	32185
6351	232.2745929814896	32190
6352	232.22882710805928	32195
6353	232.17277246936422	32200
6354	232.14118681196263	32205
6355	232.15039094019878	32210
6356	232.066725818745	32215
6357	231.97600071505278	32220
6358	231.89578049463861	32225
6359	231.85720881264638	32230
6360	231.84773831705832	32235
6361	231.8466866275908	32240
6362	231.8483213597792	32245
6363	231.84413175520967	32250
6364	231.8888738656167	32255
6365	231.98982511140684	32260
6366	231.99143045212483	32265
6367	231.95564787418027	32270
6368	232.05299946511857	32275
6369	232.09703827254125	32280
6370	232.14309009483816	32285
6371	232.16089157742115	32290
6372	232.1092823201391	32295
6373	232.08189896512204	32300
6374	232.11162974260554	32305
6375	232.07294135492182	32310
6376	232.04279008577424	32315
6377	232.03982683689077	32320
6378	232.0530882076467	32325
6379	232.01927765859236	32330
6380	231.97345019551219	32335
6381	231.9920538324746	32340
6382	231.9774486236693	32345
6383	231.94135200837266	32350
6384	231.94583760915637	32355
6385	231.9517669783746	32360
6386	231.96412054749123	32365
6387	232.0121311742474	32370
6388	231.9975895098115	32375
6389	232.000203625781	32380
6390	232.03103671563485	32385
6391	232.06587795108157	32390
6392	232.1178085279439	32395
6393	232.1713401594717	32400
6394	232.15550493061275	32405
6395	232.17813785980414	32410
6396	232.24299100487315	32415
6397	232.19028618232963	32420
6398	232.2040992619741	32425
6399	232.19463971005257	32430
6400	232.16797914711486	32435
6401	232.10804246529455	32440
6402	232.10288387060413	32445
6403	232.1120020617731	32450
6404	232.11267897986772	32455
6405	232.1480482082515	32460
6406	232.12864592461503	32465
6407	232.09199343216434	32470
6408	232.04585034072247	32475
6409	231.9982233081008	32480
6410	231.96787773259544	32485
6411	231.90740668481254	32490
6412	231.90339737542246	32495
6413	231.89320592905602	32500
6414	231.85253270872812	32505
6415	231.81320146234066	32510
6416	231.80551588799153	32515
6417	231.79979531045944	32520
6418	231.81105477652306	32525
6419	231.9417477505588	32530
6420	231.9791666781934	32535
6421	231.91875173720555	32540
6422	231.97526482983744	32545
6423	232.0698252568686	32550
6424	232.05596481918246	32555
6425	231.9667834277151	32560
6426	231.8571589209996	32565
6427	231.90547960629922	32570
6428	231.84653486254274	32575
6429	231.78048848326563	32580
6430	231.7175298107222	32585
6431	231.6888216996294	32590
6432	231.68475711004643	32595
6433	231.6447346891482	32600
6434	231.63658226715282	32605
6435	231.63740607178332	32610
6436	231.60756961924875	32615
6437	231.60370723911635	32620
6438	231.58842617771688	32625
6439	231.553652674439	32630
6440	231.54034878394435	32635
6441	231.54641194865155	32640
6442	231.565258711788	32645
6443	231.6132665381461	32650
6444	231.62724890257013	32655
6445	231.73040189217534	32660
6446	231.8219346080693	32665
6447	231.8772567473571	32670
6448	231.96792291670158	32675
6449	231.98714219865104	32680
6450	231.95474604354197	32685
6451	231.88569795931167	32690
6452	231.88773175271882	32695
6453	231.83139253608215	32700
6454	231.7684778341922	32705
6455	231.76276303387127	32710
6456	231.70979221857618	32715
6457	231.61838740359218	32720
6458	231.60985837829563	32725
6459	231.56420535362025	32730
6460	231.48598258385402	32735
6461	231.49963722912074	32740
6462	231.48657920777578	32745
6463	231.41292120755242	32750
6464	231.3781067676133	32755
6465	231.40322018116714	32760
6466	231.34884768433204	32765
6467	231.33113371284566	32770
6468	231.33950123394314	32775
6469	231.3483524976453	32780
6470	231.48290638816985	32785
6471	231.51426894007102	32790
6472	231.5110882632283	32795
6473	231.68000170139078	32800
6474	231.78975604797432	32805
6475	231.84791688040403	32810
6476	231.81892395010777	32815
6477	231.73972619724017	32820
6478	231.7554972945718	32825
6479	231.66921526968724	32830
6480	231.5835350255445	32835
6481	231.4682551691818	32840
6482	231.4409553840908	32845
6483	231.4918900890386	32850
6484	231.48688877800143	32855
6485	231.52649689528616	32860
6486	231.5122036833233	32865
6487	231.51222077253053	32870
6488	231.51895619254955	32875
6489	231.54239130479235	32880
6490	231.53771587728866	32885
6491	231.54560861245602	32890
6492	231.55969982385236	32895
6493	231.62722814784397	32900
6494	231.64504969308925	32905
6495	231.6807725613904	32910
6496	231.81030276878835	32915
6497	231.91953850361054	32920
6498	232.01302356242473	32925
6499	232.17165592808033	32930
6500	232.2456321659286	32935
6501	232.28807972587845	32940
6502	232.37301072899885	32945
6503	232.34799873527754	32950
6504	232.48570376349835	32955
6505	232.50848092116013	32960
6506	232.4821307964874	32965
6507	232.404459602093	32970
6508	232.40732551012408	32975
6509	232.36343517448162	32980
6510	232.33245596338696	32985
6511	232.34023502567518	32990
6512	232.31016662860813	32995
6513	232.28109460803998	33000
6514	232.28320829380553	33005
6515	232.27292551875325	33010
6516	232.3148958229703	33015
6517	232.34511679499724	33020
6518	232.33398259224595	33025
6519	232.3360849290841	33030
6520	232.33561122650812	33035
6521	232.33566813407666	33040
6522	232.33571631525206	33045
6523	232.347390499422	33050
6524	232.39806967457008	33055
6525	232.39787563016407	33060
6526	232.38818674077723	33065
6527	232.51228611113882	33070
6528	232.64326645527285	33075
6529	232.5519835358743	33080
6530	232.67212222040484	33085
6531	232.72445610477894	33090
6532	232.73933085772848	33095
6533	232.74048896961236	33100
6534	232.72220680467635	33105
6535	232.70941329299495	33110
6536	232.713028881425	33115
6537	232.69359222037195	33120
6538	232.70375137591626	33125
6539	232.68180759251834	33130
6540	232.64086496029546	33135
6541	232.6400705261263	33140
6542	232.64012116782177	33145
6543	232.6393025325554	33150
6544	232.6486085570111	33155
6545	232.67177719890717	33160
6546	232.74122897311514	33165
6547	232.7763384696092	33170
6548	232.86122518307735	33175
6549	232.9861598634149	33180
6550	233.12877679221376	33185
6551	233.29160277755247	33190
6552	233.3903550031985	33195
6553	233.33080888027084	33200
6554	233.4128683700884	33205
6555	233.4198772281556	33210
6556	233.37454584888854	33215
6557	233.36631635288833	33220
6558	233.33320402321792	33225
6559	233.31091378718705	33230
6560	233.2990529830924	33235
6561	233.30402117010917	33240
6562	233.34533727363342	33245
6563	233.35897126926713	33250
6564	233.44106445797289	33255
6565	233.4479408044575	33260
6566	233.5775760517619	33265
6567	233.67405293991854	33270
6568	233.8859118127028	33275
6569	234.14344063945677	33280
6570	234.47198441561088	33285
6571	234.47165745128473	33290
6572	234.33628077213203	33295
6573	234.38549163803629	33300
6574	234.3328116342386	33305
6575	234.35867128170935	33310
6576	234.30114997996753	33315
6577	234.39503818815058	33320
6578	234.36581684710427	33325
6579	234.31273728972144	33330
6580	234.2377023236056	33335
6581	234.20603571842213	33340
6582	234.2117938866064	33345
6583	234.16725773306817	33350
6584	234.15076598107643	33355
6585	234.15157200802682	33360
6586	234.16268342778463	33365
6587	234.19552837904257	33370
6588	234.1880313199105	33375
6589	234.22148612687892	33380
6590	234.28323342431995	33385
6591	234.32200768773703	33390
6592	234.34937267786768	33395
6593	234.47303919564152	33400
6594	234.5107620394658	33405
6595	234.67207321643627	33410
6596	234.86037106343392	33415
6597	234.9740974481278	33420
6598	235.1164741138163	33425
6599	235.20354810856165	33430
6600	235.24738609115502	33435
6601	235.1875999584142	33440
6602	235.17273027305	33445
6603	235.14170686375664	33450
6604	235.05492343656323	33455
6605	235.0131372084057	33460
6606	234.95673872375144	33465
6607	234.91966013961658	33470
6608	234.91278243835922	33475
6609	234.8669486106531	33480
6610	235.0851951769312	33485
6611	235.04895005746707	33490
6612	235.07828772624075	33495
6613	235.20029707458036	33500
6614	235.14122654530578	33505
6615	235.10424225341956	33510
6616	235.04126032391946	33515
6617	234.94032371790772	33520
6618	235.0384061370881	33525
6619	235.19276953307065	33530
6620	235.18405795646578	33535
6621	235.2632576221104	33540
6622	235.39889132208208	33545
6623	235.38132877083973	33550
6624	235.30907388027973	33555
6625	235.27506733590118	33560
6626	235.25376520104948	33565
6627	235.3928248485816	33570
6628	235.34600064380842	33575
6629	235.41648049591808	33580
6630	235.4486021018198	33585
6631	235.38806768938485	33590
6632	235.40508423919792	33595
6633	235.34386548439656	33600
6634	235.28275666870388	33605
6635	235.29432115577092	33610
6636	235.24076977736655	33615
6637	235.23775707937156	33620
6638	235.28086828739634	33625
6639	235.32454806041653	33630
6640	235.3002697479743	33635
6641	235.39849485036916	33640
6642	235.4418052322639	33645
6643	235.44494437551802	33650
6644	235.51122829611816	33655
6645	235.5986934611731	33660
6646	235.62116649287066	33665
6647	235.629743270082	33670
6648	235.75701430430271	33675
6649	235.72920665509145	33680
6650	235.83489729799476	33685
6651	235.82596525430338	33690
6652	235.8086085512253	33695
6653	235.85155086627694	33700
6654	235.85483140559236	33705
6655	235.9291752688814	33710
6656	235.95013163236194	33715
6657	236.00433189698026	33720
6658	235.98051044685758	33725
6659	235.94663593853502	33730
6660	235.94192587702682	33735
6661	235.95141417216766	33740
6662	236.0176315664785	33745
6663	235.9956935369381	33750
6664	236.0226618280311	33755
6665	236.08755478918246	33760
6666	236.11274191756374	33765
6667	236.19429135804987	33770
6668	236.20083214068706	33775
6669	236.29466850744026	33780
6670	236.4396227817926	33785
6671	236.55041054372592	33790
6672	236.7219684890201	33795
6673	236.95498909633085	33800
6674	237.06913866285072	33805
6675	237.20170147757239	33810
6676	237.34857253011032	33815
6677	237.36003088784588	33820
6678	237.55351108454587	33825
6679	237.58591684931213	33830
6680	237.55122566577643	33835
6681	237.54291019195722	33840
6682	237.5433842096418	33845
6683	237.5528969780781	33850
6684	237.57927246195032	33855
6685	237.64523536998985	33860
6686	237.64587880557272	33865
6687	237.68850783426396	33870
6688	237.76407895874073	33875
6689	237.80768367048987	33880
6690	237.87327963100645	33885
6691	238.00717278530922	33890
6692	237.951306815336	33895
6693	238.1114607401046	33900
6694	238.20794049151974	33905
6695	238.4005093001177	33910
6696	238.5911824225469	33915
6697	238.7537611741484	33920
6698	238.85104203954847	33925
6699	238.79023353474506	33930
6700	238.7664064863396	33935
6701	238.76262883696484	33940
6702	238.70152526263857	33945
6703	238.62289212923292	33950
6704	238.58945760989468	33955
6705	238.5976963439196	33960
6706	238.52167863726692	33965
6707	238.51225821430623	33970
6708	238.46357123895743	33975
6709	238.44375735284038	33980
6710	238.4534463778188	33985
6711	238.39885819258734	33990
6712	238.40292993127989	33995
6713	238.396671704045	34000
6714	238.34160370946452	34005
6715	238.340691088454	34010
6716	238.340031966895	34015
6717	238.34018109107555	34020
6718	238.34015164621755	34025
6719	238.33209894146552	34030
6720	238.29294754213396	34035
6721	238.286764070724	34040
6722	238.3734268256577	34045
6723	238.38444841496135	34050
6724	238.39483043092176	34055
6725	238.5308148104551	34060
6726	238.59631087893766	34065
6727	238.6367676482051	34070
6728	238.6446416795733	34075
6729	238.6439697322009	34080
6730	238.6472644577589	34085
6731	238.66381320268664	34090
6732	238.68490116946774	34095
6733	238.70459667716676	34100
6734	238.72497379668124	34105
6735	238.7022134099899	34110
6736	238.69522800160325	34115
6737	238.6920233248498	34120
6738	238.6472958781702	34125
6739	238.6441304829443	34130
6740	238.64444428986073	34135
6741	238.6444061813889	34140
6742	238.64440474173375	34145
6743	238.64441671343613	34150
6744	238.6443559845653	34155
6745	238.6446414478157	34160
6746	238.64351034641032	34165
6747	238.65176556559047	34170
6748	238.66868822495076	34175
6749	238.7371207055972	34180
6750	238.74059197512716	34185
6751	238.75559500817522	34190
6752	238.83436726449315	34195
6753	238.8515074977469	34200
6754	238.83534955178789	34205
6755	238.80686701958285	34210
6756	238.80464272824918	34215
6757	238.75306896143857	34220
6758	238.773186001722	34225
6759	238.87778093376207	34230
6760	238.84356639140634	34235
6761	238.8692839425548	34240
6762	238.93708951612362	34245
6763	238.93076062639813	34250
6764	238.88691569393197	34255
6765	238.90940435670294	34260
6766	238.86210008419192	34265
6767	238.81317499396332	34270
6768	238.80036734575557	34275
6769	238.8010520769705	34280
6770	238.761981686511	34285
6771	238.75363819620392	34290
6772	238.79807566150853	34295
6773	238.8044278679398	34300
6774	238.80089923155955	34305
6775	238.8387533452382	34310
6776	238.84155337083214	34315
6777	238.84125051390674	34320
6778	238.84127146946764	34325
6779	238.8412762545324	34330
6780	238.84128458227124	34335
6781	238.84122369141963	34340
6782	238.84149061400828	34345
6783	238.84054112807323	34350
6784	238.84907510841342	34355
6785	238.86880069919908	34360
6786	238.9289176384954	34365
6787	238.98593753041675	34370
6788	239.03782273739736	34375
6789	239.11470470381076	34380
6790	239.25202462414356	34385
6791	239.34210366357524	34390
6792	239.40351173491737	34395
6793	239.46965971600892	34400
6794	239.45973817644708	34405
6795	239.53092192055357	34410
6796	239.62985819845855	34415
6797	239.64905882595238	34420
6798	239.64568840231945	34425
6799	239.65497819341763	34430
6800	239.70955018414085	34435
6801	239.856533675957	34440
6802	239.83225941759966	34445
6803	239.92554715048777	34450
6804	240.15093300268202	34455
6805	240.2889888696044	34460
6806	240.30599114224395	34465
6807	240.36310832298838	34470
6808	240.31662538981837	34475
6809	240.2786118649738	34480
6810	240.28187742652858	34485
6811	240.21714759033026	34490
6812	240.1518230951629	34495
6813	240.08775935442156	34500
6814	240.1207623040512	34505
6815	240.10952139075974	34510
6816	240.1217262307237	34515
6817	240.17190148811721	34520
6818	240.24563997593188	34525
6819	240.22908674403402	34530
6820	240.28140081316056	34535
6821	240.36035980381092	34540
6822	240.41065145505706	34545
6823	240.4370938988434	34550
6824	240.4462767448386	34555
6825	240.45657723207856	34560
6826	240.50368327802698	34565
6827	240.494872731558	34570
6828	240.50750064445907	34575
6829	240.67728773050874	34580
6830	240.784515535043	34585
6831	240.70082624683644	34590
6832	240.930863133737	34595
6833	241.04949559995836	34600
6834	241.1389800902844	34605
6835	241.2868687408914	34610
6836	241.37410463243566	34615
6837	241.380565822977	34620
6838	241.37981326913456	34625
6839	241.3282395994583	34630
6840	241.26742499991147	34635
6841	241.27515015729116	34640
6842	241.18369776131826	34645
6843	241.10561255255647	34650
6844	241.1225946211245	34655
6845	241.07622816109512	34660
6846	241.0453156182236	34665
6847	241.07803222553903	34670
6848	241.1610672538662	34675
6849	241.13417069906006	34680
6850	241.2058182759625	34685
6851	241.3098144834076	34690
6852	241.41773668941295	34695
6853	241.5104085202409	34700
6854	241.67260769033854	34705
6855	241.79822395169154	34710
6856	242.00932891269997	34715
6857	242.0599360742131	34720
6858	242.11724601327626	34725
6859	242.0909413010745	34730
6860	242.06235310144018	34735
6861	242.02050651886913	34740
6862	241.91800552676088	34745
6863	241.8048783760979	34750
6864	241.65178826955517	34755
6865	241.52702358948167	34760
6866	241.40499878450086	34765
6867	241.33440857206338	34770
6868	241.27633391352083	34775
6869	241.15263830303627	34780
6870	241.09883499038656	34785
6871	241.02400442089012	34790
6872	241.00711150912656	34795
6873	240.98736835263733	34800
6874	240.96481728566278	34805
6875	240.94165442265142	34810
6876	240.9448613239804	34815
6877	240.9438695873732	34820
6878	240.94479047405795	34825
6879	240.93631688964027	34830
6880	240.9159956210294	34835
6881	240.87555653693988	34840
6882	240.84760095093216	34845
6883	240.78191290342443	34850
6884	240.754209993097	34855
6885	240.8152398686052	34860
6886	240.9196083669929	34865
6887	240.91731631942514	34870
6888	241.08087855325215	34875
6889	241.34361425343573	34880
6890	241.35338673889612	34885
6891	241.56132125148477	34890
6892	241.46808065629816	34895
6893	241.34951229591192	34900
6894	241.19101742611218	34905
6895	241.0420198809322	34910
6896	241.04483894853982	34915
6897	241.09114045964438	34920
6898	241.12318155035464	34925
6899	241.08322057683336	34930
6900	241.06899794878348	34935
6901	241.03110215257914	34940
6902	240.94948558982426	34945
6903	240.97976348078137	34950
6904	241.15911980104224	34955
6905	241.11695984947158	34960
6906	241.20140877096244	34965
6907	241.23252006364666	34970
6908	241.20166795546066	34975
6909	241.21246797984523	34980
6910	241.15087549464369	34985
6911	241.06928694440592	34990
6912	241.08947624121484	34995
6913	241.00347106255037	35000
